  2.000000000000000E-003  2.000000000000000E-003 -0.181316039624982     
  2.000000000000000E-003  0.298270416666667      -0.191903689428156     
  2.000000000000000E-003  0.594540833333333      -0.196361993936140     
  2.000000000000000E-003  0.890811250000000      -0.196126701977849     
  2.000000000000000E-003   1.18708166666667      -0.194580747700805     
  2.000000000000000E-003   1.48335208333333      -0.192692535573927     
  2.000000000000000E-003   1.77962250000000      -0.190539829908057     
  2.000000000000000E-003   2.07589291666667      -0.187989013979435     
  2.000000000000000E-003   2.37216333333333      -0.184866955900357     
  2.000000000000000E-003   2.66843375000000      -0.181053611292924     
  2.000000000000000E-003   2.96470416666667      -0.176342924476942     
  2.000000000000000E-003   3.26097458333333      -0.170660168353250     
  2.000000000000000E-003   3.55724500000000      -0.164050191461298     
  2.000000000000000E-003   3.85351541666667      -0.156677178305655     
  2.000000000000000E-003   4.14978583333333      -0.148822710381718     
  2.000000000000000E-003   4.44605625000000      -0.140829187704138     
  2.000000000000000E-003   4.74232666666667      -0.133028002675313     
  2.000000000000000E-003   5.03859708333333      -0.125688563733874     
  2.000000000000000E-003   5.33486750000000      -0.118996991016097     
  2.000000000000000E-003   5.63113791666667      -0.113083880071878     
  2.000000000000000E-003   5.92740833333333      -0.108019084151094     
  2.000000000000000E-003   6.22367875000000      -0.103689582808291     
  2.000000000000000E-003   6.51994916666667      -9.937659373299799E-002
  2.000000000000000E-003   6.81621958333333      -9.303692255696100E-002
  2.000000000000000E-003   7.11249000000000      -8.512021232202047E-002
  0.298270416666667       2.000000000000000E-003 -0.200509757894252     
  0.298270416666667       0.298270416666667      -0.203240076062717     
  0.298270416666667       0.594540833333333      -0.207403828365772     
  0.298270416666667       0.890811250000000      -0.210508609217639     
  0.298270416666667        1.18708166666667      -0.211670254935795     
  0.298270416666667        1.48335208333333      -0.211523796169709     
  0.298270416666667        1.77962250000000      -0.210343532259431     
  0.298270416666667        2.07589291666667      -0.208152348256625     
  0.298270416666667        2.37216333333333      -0.204899995155338     
  0.298270416666667        2.66843375000000      -0.200467013328236     
  0.298270416666667        2.96470416666667      -0.194721382272720     
  0.298270416666667        3.26097458333333      -0.187693135814817     
  0.298270416666667        3.55724500000000      -0.179554746132379     
  0.298270416666667        3.85351541666667      -0.170601466135838     
  0.298270416666667        4.14978583333333      -0.161218998888698     
  0.298270416666667        4.44605625000000      -0.151812134305076     
  0.298270416666667        4.74232666666667      -0.142733399189111     
  0.298270416666667        5.03859708333333      -0.134243455955825     
  0.298270416666667        5.33486750000000      -0.126437792611352     
  0.298270416666667        5.63113791666667      -0.119390049012080     
  0.298270416666667        5.92740833333333      -0.113150507411134     
  0.298270416666667        6.22367875000000      -0.107621746997693     
  0.298270416666667        6.51994916666667      -0.102337347706963     
  0.298270416666667        6.81621958333333      -9.614318753326474E-002
  0.298270416666667        7.11249000000000      -8.789291831364894E-002
  0.594540833333333       2.000000000000000E-003 -0.216214627159249     
  0.594540833333333       0.298270416666667      -0.221304691100892     
  0.594540833333333       0.594540833333333      -0.223346159462694     
  0.594540833333333       0.890811250000000      -0.227494993915829     
  0.594540833333333        1.18708166666667      -0.231092633696757     
  0.594540833333333        1.48335208333333      -0.232978203094343     
  0.594540833333333        1.77962250000000      -0.233022549042659     
  0.594540833333333        2.07589291666667      -0.231302051575194     
  0.594540833333333        2.37216333333333      -0.227865245386912     
  0.594540833333333        2.66843375000000      -0.222621962885885     
  0.594540833333333        2.96470416666667      -0.215548494989583     
  0.594540833333333        3.26097458333333      -0.206814781308848     
  0.594540833333333        3.55724500000000      -0.196757943114150     
  0.594540833333333        3.85351541666667      -0.185848155852340     
  0.594540833333333        4.14978583333333      -0.174613423554143     
  0.594540833333333        4.44605625000000      -0.163534281998558     
  0.594540833333333        4.74232666666667      -0.152968567422577     
  0.594540833333333        5.03859708333333      -0.143144109204093     
  0.594540833333333        5.33486750000000      -0.134086485598212     
  0.594540833333333        5.63113791666667      -0.125811683693755     
  0.594540833333333        5.92740833333333      -0.118417954398130     
  0.594540833333333        6.22367875000000      -0.111915091735803     
  0.594540833333333        6.51994916666667      -0.105870945288683     
  0.594540833333333        6.81621958333333      -9.855354888063139E-002
  0.594540833333333        7.11249000000000      -8.903870518734981E-002
  0.890811250000000       2.000000000000000E-003 -0.229275731334119     
  0.890811250000000       0.298270416666667      -0.238502011628688     
  0.890811250000000       0.594540833333333      -0.243974692518159     
  0.890811250000000       0.890811250000000      -0.249771240343138     
  0.890811250000000        1.18708166666667      -0.255188437389957     
  0.890811250000000        1.48335208333333      -0.258759500502286     
  0.890811250000000        1.77962250000000      -0.259861623508448     
  0.890811250000000        2.07589291666667      -0.258471215299417     
  0.890811250000000        2.37216333333333      -0.254628182368373     
  0.890811250000000        2.66843375000000      -0.248256107019729     
  0.890811250000000        2.96470416666667      -0.239473591810501     
  0.890811250000000        3.26097458333333      -0.228598991029541     
  0.890811250000000        3.55724500000000      -0.216146593342780     
  0.890811250000000        3.85351541666667      -0.202808435656202     
  0.890811250000000        4.14978583333333      -0.189320814817974     
  0.890811250000000        4.44605625000000      -0.176267693232230     
  0.890811250000000        4.74232666666667      -0.163981432018135     
  0.890811250000000        5.03859708333333      -0.152597513253065     
  0.890811250000000        5.33486750000000      -0.142115532081703     
  0.890811250000000        5.63113791666667      -0.132469181200783     
  0.890811250000000        5.92740833333333      -0.123785278552934     
  0.890811250000000        6.22367875000000      -0.116080502164311     
  0.890811250000000        6.51994916666667      -0.108849241007984     
  0.890811250000000        6.81621958333333      -0.100866142994121     
  0.890811250000000        7.11249000000000      -9.219164743544864E-002
   1.18708166666667       2.000000000000000E-003 -0.242786797572747     
   1.18708166666667       0.298270416666667      -0.256145783647343     
   1.18708166666667       0.594540833333333      -0.266846181050619     
   1.18708166666667       0.890811250000000      -0.276375655754312     
   1.18708166666667        1.18708166666667      -0.284419106917947     
   1.18708166666667        1.48335208333333      -0.289860789848939     
   1.18708166666667        1.77962250000000      -0.292042638881887     
   1.18708166666667        2.07589291666667      -0.290889951014225     
   1.18708166666667        2.37216333333333      -0.286346828258642     
   1.18708166666667        2.66843375000000      -0.278454719901773     
   1.18708166666667        2.96470416666667      -0.267516417633012     
   1.18708166666667        3.26097458333333      -0.253968347215929     
   1.18708166666667        3.55724500000000      -0.238465923588476     
   1.18708166666667        3.85351541666667      -0.222010135924687     
   1.18708166666667        4.14978583333333      -0.205713229788317     
   1.18708166666667        4.44605625000000      -0.190325280337105     
   1.18708166666667        4.74232666666667      -0.176073043836581     
   1.18708166666667        5.03859708333333      -0.162893273345831     
   1.18708166666667        5.33486750000000      -0.150709131954002     
   1.18708166666667        5.63113791666667      -0.139450942512932     
   1.18708166666667        5.92740833333333      -0.129238818470094     
   1.18708166666667        6.22367875000000      -0.120137728237804     
   1.18708166666667        6.51994916666667      -0.111812226418476     
   1.18708166666667        6.81621958333333      -0.103613033365485     
   1.18708166666667        7.11249000000000      -9.552041295052792E-002
   1.48335208333333       2.000000000000000E-003 -0.257886686109974     
   1.48335208333333       0.298270416666667      -0.275836013021331     
   1.48335208333333       0.594540833333333      -0.292265430324551     
   1.48335208333333       0.890811250000000      -0.306913966741297     
   1.48335208333333        1.18708166666667      -0.318832284438223     
   1.48335208333333        1.48335208333333      -0.326963025169864     
   1.48335208333333        1.77962250000000      -0.330793882942236     
   1.48335208333333        2.07589291666667      -0.330070339052462     
   1.48335208333333        2.37216333333333      -0.324638784923353     
   1.48335208333333        2.66843375000000      -0.314836044909238     
   1.48335208333333        2.96470416666667      -0.301255894018779     
   1.48335208333333        3.26097458333333      -0.284296275334155     
   1.48335208333333        3.55724500000000      -0.264789429524415     
   1.48335208333333        3.85351541666667      -0.244110128120165     
   1.48335208333333        4.14978583333333      -0.224064015215908     
   1.48335208333333        4.44605625000000      -0.205951400054976     
   1.48335208333333        4.74232666666667      -0.189548367346750     
   1.48335208333333        5.03859708333333      -0.174339823876132     
   1.48335208333333        5.33486750000000      -0.160098188953875     
   1.48335208333333        5.63113791666667      -0.146891279732429     
   1.48335208333333        5.92740833333333      -0.134884465818997     
   1.48335208333333        6.22367875000000      -0.124265727480794     
   1.48335208333333        6.51994916666667      -0.114891668446176     
   1.48335208333333        6.81621958333333      -0.106343426619519     
   1.48335208333333        7.11249000000000      -9.832618652957263E-002
   1.77962250000000       2.000000000000000E-003 -0.274774484554390     
   1.77962250000000       0.298270416666667      -0.298009621854453     
   1.77962250000000       0.594540833333333      -0.320742476290591     
   1.77962250000000       0.890811250000000      -0.341508167551627     
   1.77962250000000        1.18708166666667      -0.358657660777194     
   1.77962250000000        1.48335208333333      -0.370948406060713     
   1.77962250000000        1.77962250000000      -0.377694629079222     
   1.77962250000000        2.07589291666667      -0.378189213683929     
   1.77962250000000        2.37216333333333      -0.372008963526215     
   1.77962250000000        2.66843375000000      -0.359248369853701     
   1.77962250000000        2.96470416666667      -0.341623762604000     
   1.77962250000000        3.26097458333333      -0.320548360215484     
   1.77962250000000        3.55724500000000      -0.296568557860606     
   1.77962250000000        3.85351541666667      -0.270907279376602     
   1.77962250000000        4.14978583333333      -0.246100487520763     
   1.77962250000000        4.44605625000000      -0.224086866964786     
   1.77962250000000        4.74232666666667      -0.204867647871479     
   1.77962250000000        5.03859708333333      -0.187309668850012     
   1.77962250000000        5.33486750000000      -0.170558948602787     
   1.77962250000000        5.63113791666667      -0.154905375749906     
   1.77962250000000        5.92740833333333      -0.140783852412050     
   1.77962250000000        6.22367875000000      -0.128485871452790     
   1.77962250000000        6.51994916666667      -0.117985230411207     
   1.77962250000000        6.81621958333333      -0.108890015255152     
   1.77962250000000        7.11249000000000      -0.100675763139369     
   2.07589291666667       2.000000000000000E-003 -0.293193657009272     
   2.07589291666667       0.298270416666667      -0.322369999878497     
   2.07589291666667       0.594540833333333      -0.352154930372516     
   2.07589291666667       0.890811250000000      -0.380087833501086     
   2.07589291666667        1.18708166666667      -0.404048689129385     
   2.07589291666667        1.48335208333333      -0.422524304193078     
   2.07589291666667        1.77962250000000      -0.434642884162025     
   2.07589291666667        2.07589291666667      -0.438636677282759     
   2.07589291666667        2.37216333333333      -0.430969210728540     
   2.07589291666667        2.66843375000000      -0.413411711930633     
   2.07589291666667        2.96470416666667      -0.390345615021755     
   2.07589291666667        3.26097458333333      -0.364868881305445     
   2.07589291666667        3.55724500000000      -0.336220087452676     
   2.07589291666667        3.85351541666667      -0.304341994120305     
   2.07589291666667        4.14978583333333      -0.273505531499067     
   2.07589291666667        4.44605625000000      -0.246976829909373     
   2.07589291666667        4.74232666666667      -0.223930870710221     
   2.07589291666667        5.03859708333333      -0.202525093099961     
   2.07589291666667        5.33486750000000      -0.182296278655594     
   2.07589291666667        5.63113791666667      -0.163552403965731     
   2.07589291666667        5.92740833333333      -0.146891157844562     
   2.07589291666667        6.22367875000000      -0.132699761230744     
   2.07589291666667        6.51994916666667      -0.120960271299452     
   2.07589291666667        6.81621958333333      -0.111200876192138     
   2.07589291666667        7.11249000000000      -0.102684253956318     
   2.37216333333333       2.000000000000000E-003 -0.312610276725459     
   2.37216333333333       0.298270416666667      -0.348342904964048     
   2.37216333333333       0.594540833333333      -0.385694960156666     
   2.37216333333333       0.890811250000000      -0.421623025342110     
   2.37216333333333        1.18708166666667      -0.453684666107863     
   2.37216333333333        1.48335208333333      -0.481131541616402     
   2.37216333333333        1.77962250000000      -0.503843501653072     
   2.37216333333333        2.07589291666667      -0.512802241228573     
   2.37216333333333        2.37216333333333      -0.503863268882872     
   2.37216333333333        2.66843375000000      -0.479936591848667     
   2.37216333333333        2.96470416666667      -0.449262871744920     
   2.37216333333333        3.26097458333333      -0.419564211832847     
   2.37216333333333        3.55724500000000      -0.386679003612900     
   2.37216333333333        3.85351541666667      -0.346059998513583     
   2.37216333333333        4.14978583333333      -0.307471278165548     
   2.37216333333333        4.44605625000000      -0.276510050564898     
   2.37216333333333        4.74232666666667      -0.248778234572787     
   2.37216333333333        5.03859708333333      -0.221391270341519     
   2.37216333333333        5.33486750000000      -0.195391008566718     
   2.37216333333333        5.63113791666667      -0.172612256689499     
   2.37216333333333        5.92740833333333      -0.153016082416649     
   2.37216333333333        6.22367875000000      -0.136754974959677     
   2.37216333333333        6.51994916666667      -0.123699348549266     
   2.37216333333333        6.81621958333333      -0.113228305061559     
   2.37216333333333        7.11249000000000      -0.104395648660456     
   2.66843375000000       2.000000000000000E-003 -0.331728115858002     
   2.66843375000000       0.298270416666667      -0.373877682367677     
   2.66843375000000       0.594540833333333      -0.418519428780085     
   2.66843375000000       0.890811250000000      -0.462345600494493     
   2.66843375000000        1.18708166666667      -0.503668791733089     
   2.66843375000000        1.48335208333333      -0.544278760240848     
   2.66843375000000        1.77962250000000      -0.581090198732547     
   2.66843375000000        2.07589291666667      -0.598475078341961     
   2.66843375000000        2.37216333333333      -0.591708009364200     
   2.66843375000000        2.66843375000000      -0.561162463451186     
   2.66843375000000        2.96470416666667      -0.518514035870726     
   2.66843375000000        3.26097458333333      -0.484227576544765     
   2.66843375000000        3.55724500000000      -0.449805381251804     
   2.66843375000000        3.85351541666667      -0.396359061616716     
   2.66843375000000        4.14978583333333      -0.350779341435699     
   2.66843375000000        4.44605625000000      -0.317564995004127     
   2.66843375000000        4.74232666666667      -0.282645868162887     
   2.66843375000000        5.03859708333333      -0.245047181628837     
   2.66843375000000        5.33486750000000      -0.209962951403639     
   2.66843375000000        5.63113791666667      -0.181460623871309     
   2.66843375000000        5.92740833333333      -0.158751620496108     
   2.66843375000000        6.22367875000000      -0.140425242523648     
   2.66843375000000        6.51994916666667      -0.126091349817773     
   2.66843375000000        6.81621958333333      -0.114946551576711     
   2.66843375000000        7.11249000000000      -0.105832770440482     
   2.96470416666667       2.000000000000000E-003 -0.347842765917617     
   2.96470416666667       0.298270416666667      -0.395409535086853     
   2.96470416666667       0.594540833333333      -0.446227036638205     
   2.96470416666667       0.890811250000000      -0.497153188492663     
   2.96470416666667        1.18708166666667      -0.548101529716494     
   2.96470416666667        1.48335208333333      -0.605308514472844     
   2.96470416666667        1.77962250000000      -0.655894068393286     
   2.96470416666667        2.07589291666667      -0.686307739875074     
   2.96470416666667        2.37216333333333      -0.689678455212195     
   2.96470416666667        2.66843375000000      -0.658481581140750     
   2.96470416666667        2.96470416666667      -0.598936852975094     
   2.96470416666667        3.26097458333333      -0.550551079710283     
   2.96470416666667        3.55724500000000      -0.518886430540119     
   2.96470416666667        3.85351541666667      -0.453817648313013     
   2.96470416666667        4.14978583333333      -0.415692452757084     
   2.96470416666667        4.44605625000000      -0.380525361198288     
   2.96470416666667        4.74232666666667      -0.328475974401044     
   2.96470416666667        5.03859708333333      -0.272898809048255     
   2.96470416666667        5.33486750000000      -0.225029981287213     
   2.96470416666667        5.63113791666667      -0.189038672097574     
   2.96470416666667        5.92740833333333      -0.163503760307556     
   2.96470416666667        6.22367875000000      -0.143401701053182     
   2.96470416666667        6.51994916666667      -0.127988637979481     
   2.96470416666667        6.81621958333333      -0.116281098825827     
   2.96470416666667        7.11249000000000      -0.106940473688448     
   3.26097458333333       2.000000000000000E-003 -0.358623074490317     
   3.26097458333333       0.298270416666667      -0.409806885019269     
   3.26097458333333       0.594540833333333      -0.464797827553348     
   3.26097458333333       0.890811250000000      -0.520813014828218     
   3.26097458333333        1.18708166666667      -0.579496491149384     
   3.26097458333333        1.48335208333333      -0.649290479872583     
   3.26097458333333        1.77962250000000      -0.712632604838478     
   3.26097458333333        2.07589291666667      -0.757168698612136     
   3.26097458333333        2.37216333333333      -0.776939482675837     
   3.26097458333333        2.66843375000000      -0.760625366563654     
   3.26097458333333        2.96470416666667      -0.701314125842238     
   3.26097458333333        3.26097458333333      -0.619472979957958     
   3.26097458333333        3.55724500000000      -0.565342373129686     
   3.26097458333333        3.85351541666667      -0.537233053434515     
   3.26097458333333        4.14978583333333      -0.529855451787824     
   3.26097458333333        4.44605625000000      -0.465658460523582     
   3.26097458333333        4.74232666666667      -0.377867654138015     
   3.26097458333333        5.03859708333333      -0.298566325857530     
   3.26097458333333        5.33486750000000      -0.237373791356004     
   3.26097458333333        5.63113791666667      -0.194603623287209     
   3.26097458333333        5.92740833333333      -0.166647896958287     
   3.26097458333333        6.22367875000000      -0.145356166113286     
   3.26097458333333        6.51994916666667      -0.129221380985909     
   3.26097458333333        6.81621958333333      -0.117136642299511     
   3.26097458333333        7.11249000000000      -0.107644897974386     
   3.55724500000000       2.000000000000000E-003 -0.362428298174667     
   3.55724500000000       0.298270416666667      -0.414876092379414     
   3.55724500000000       0.594540833333333      -0.471338589018634     
   3.55724500000000       0.890811250000000      -0.529219649524884     
   3.55724500000000        1.18708166666667      -0.590925342218367     
   3.55724500000000        1.48335208333333      -0.665963931216452     
   3.55724500000000        1.77962250000000      -0.733229040601405     
   3.55724500000000        2.07589291666667      -0.784736028513387     
   3.55724500000000        2.37216333333333      -0.813733470277795     
   3.55724500000000        2.66843375000000      -0.811621916813982     
   3.55724500000000        2.96470416666667      -0.774126702739717     
   3.55724500000000        3.26097458333333      -0.704481320089458     
   3.55724500000000        3.55724500000000      -0.574986406271671     
   3.55724500000000        3.85351541666667      -0.634184406595690     
   3.55724500000000        4.14978583333333      -0.619698677920866     
   3.55724500000000        4.44605625000000      -0.514138753066302     
   3.55724500000000        4.74232666666667      -0.401210520311546     
   3.55724500000000        5.03859708333333      -0.309506894081066     
   3.55724500000000        5.33486750000000      -0.242303222789503     
   3.55724500000000        5.63113791666667      -0.196642002129728     
   3.55724500000000        5.92740833333333      -0.167747917294309     
   3.55724500000000        6.22367875000000      -0.146041626395260     
   3.55724500000000        6.51994916666667      -0.129653757977226     
   3.55724500000000        6.81621958333333      -0.117435656281748     
   3.55724500000000        7.11249000000000      -0.107889978004617     
   3.85351541666667       2.000000000000000E-003 -0.358614785583196     
   3.85351541666667       0.298270416666667      -0.409795887839806     
   3.85351541666667       0.594540833333333      -0.464784409143645     
   3.85351541666667       0.890811250000000      -0.520797225062387     
   3.85351541666667        1.18708166666667      -0.579477392168118     
   3.85351541666667        1.48335208333333      -0.649264659603442     
   3.85351541666667        1.77962250000000      -0.712594856500146     
   3.85351541666667        2.07589291666667      -0.757110978034282     
   3.85351541666667        2.37216333333333      -0.776848421173940     
   3.85351541666667        2.66843375000000      -0.760483342097578     
   3.85351541666667        2.96470416666667      -0.701122021956208     
   3.85351541666667        3.26097458333333      -0.619327398518897     
   3.85351541666667        3.55724500000000      -0.565276133406597     
   3.85351541666667        3.85351541666667      -0.537324334249201     
   3.85351541666667        4.14978583333333      -0.530074420482642     
   3.85351541666667        4.44605625000000      -0.465814926052584     
   3.85351541666667        4.74232666666667      -0.377951265733954     
   3.85351541666667        5.03859708333333      -0.298606065981084     
   3.85351541666667        5.33486750000000      -0.237392037574340     
   3.85351541666667        5.63113791666667      -0.194613926556118     
   3.85351541666667        5.92740833333333      -0.166657311788933     
   3.85351541666667        6.22367875000000      -0.145366859318111     
   3.85351541666667        6.51994916666667      -0.129234043238732     
   3.85351541666667        6.81621958333333      -0.117150928375027     
   3.85351541666667        7.11249000000000      -0.107659610752342     
   4.14978583333333       2.000000000000000E-003 -0.347827830273511     
   4.14978583333333       0.298270416666667      -0.395389414018713     
   4.14978583333333       0.594540833333333      -0.446202364184280     
   4.14978583333333       0.890811250000000      -0.497124355802424     
   4.14978583333333        1.18708166666667      -0.548067565605703     
   4.14978583333333        1.48335208333333      -0.605264886420350     
   4.14978583333333        1.77962250000000      -0.655834038924554     
   4.14978583333333        2.07589291666667      -0.686223729771409     
   4.14978583333333        2.37216333333333      -0.689562241655685     
   4.14978583333333        2.66843375000000      -0.658336077621798     
   4.14978583333333        2.96470416666667      -0.598797928353238     
   4.14978583333333        3.26097458333333      -0.550464073257591     
   4.14978583333333        3.55724500000000      -0.518772099644799     
   4.14978583333333        3.85351541666667      -0.453772378997484     
   4.14978583333333        4.14978583333333      -0.415811113971389     
   4.14978583333333        4.44605625000000      -0.380668988105815     
   4.14978583333333        4.74232666666667      -0.328574432222118     
   4.14978583333333        5.03859708333333      -0.272953531173013     
   4.14978583333333        5.33486750000000      -0.225059062092304     
   4.14978583333333        5.63113791666667      -0.189058159079231     
   4.14978583333333        5.92740833333333      -0.163522956490890     
   4.14978583333333        6.22367875000000      -0.143423429152745     
   4.14978583333333        6.51994916666667      -0.128013863359775     
   4.14978583333333        6.81621958333333      -0.116308839261821     
   4.14978583333333        7.11249000000000      -0.106968389659971     
   4.44605625000000       2.000000000000000E-003 -0.331709681548786     
   4.44605625000000       0.298270416666667      -0.373851667029497     
   4.44605625000000       0.594540833333333      -0.418486977822154     
   4.44605625000000       0.890811250000000      -0.462307948568157     
   4.44605625000000        1.18708166666667      -0.503626001406791     
   4.44605625000000        1.48335208333333      -0.544228065631375     
   4.44605625000000        1.77962250000000      -0.581026294686287     
   4.44605625000000        2.07589291666667      -0.598396125396792     
   4.44605625000000        2.37216333333333      -0.591617520281797     
   4.44605625000000        2.66843375000000      -0.561076350607285     
   4.44605625000000        2.96470416666667      -0.518458085820515     
   4.44605625000000        3.26097458333333      -0.484195357341856     
   4.44605625000000        3.55724500000000      -0.449744723522532     
   4.44605625000000        3.85351541666667      -0.396311347850682     
   4.44605625000000        4.14978583333333      -0.350813496674809     
   4.44605625000000        4.44605625000000      -0.317644470166218     
   4.44605625000000        4.74232666666667      -0.282718954025131     
   4.44605625000000        5.03859708333333      -0.245097702210975     
   4.44605625000000        5.33486750000000      -0.209996781379180     
   4.44605625000000        5.63113791666667      -0.181489242400561     
   4.44605625000000        5.92740833333333      -0.158781374424805     
   4.44605625000000        6.22367875000000      -0.140458801411556     
   4.44605625000000        6.51994916666667      -0.126129086924032     
   4.44605625000000        6.81621958333333      -0.114986413000239     
   4.44605625000000        7.11249000000000      -0.105871136793341     
   4.74232666666667       2.000000000000000E-003 -0.312593073425302     
   4.74232666666667       0.298270416666667      -0.348315199216513     
   4.74232666666667       0.594540833333333      -0.385658546411556     
   4.74232666666667       0.890811250000000      -0.421580646035635     
   4.74232666666667        1.18708166666667      -0.453638252929368     
   4.74232666666667        1.48335208333333      -0.481081197206545     
   4.74232666666667        1.77962250000000      -0.503787166375154     
   4.74232666666667        2.07589291666667      -0.512742124985658     
   4.74232666666667        2.37216333333333      -0.503807996803131     
   4.74232666666667        2.66843375000000      -0.479900862025803     
   4.74232666666667        2.96470416666667      -0.449257318041791     
   4.74232666666667        3.26097458333333      -0.419575242721339     
   4.74232666666667        3.55724500000000      -0.386679316018691     
   4.74232666666667        3.85351541666667      -0.346058537322227     
   4.74232666666667        4.14978583333333      -0.307496565974441     
   4.74232666666667        4.44605625000000      -0.276559552599397     
   4.74232666666667        4.74232666666667      -0.248831253701256     
   4.74232666666667        5.03859708333333      -0.221436201501743     
   4.74232666666667        5.33486750000000      -0.195429351396336     
   4.74232666666667        5.63113791666667      -0.172650441012768     
   4.74232666666667        5.92740833333333      -0.153057562232464     
   4.74232666666667        6.22367875000000      -0.136801589426611     
   4.74232666666667        6.51994916666667      -0.123749878286220     
   4.74232666666667        6.81621958333333      -0.113278634229866     
   4.74232666666667        7.11249000000000      -0.104440621751661     
   5.03859708333333       2.000000000000000E-003 -0.293185311748548     
   5.03859708333333       0.298270416666667      -0.322345918161663     
   5.03859708333333       0.594540833333333      -0.352118092601005     
   5.03859708333333       0.890811250000000      -0.380043592462866     
   5.03859708333333        1.18708166666667      -0.404001936780106     
   5.03859708333333        1.48335208333333      -0.422477605755391     
   5.03859708333333        1.77962250000000      -0.434597477029819     
   5.03859708333333        2.07589291666667      -0.438595239286022     
   5.03859708333333        2.37216333333333      -0.430940046333535     
   5.03859708333333        2.66843375000000      -0.413404854195225     
   5.03859708333333        2.96470416666667      -0.390365044835728     
   5.03859708333333        3.26097458333333      -0.364905108568689     
   5.03859708333333        3.55724500000000      -0.336257612527586     
   5.03859708333333        3.85351541666667      -0.304377630718640     
   5.03859708333333        4.14978583333333      -0.273546318898568     
   5.03859708333333        4.44605625000000      -0.247024049813031     
   5.03859708333333        4.74232666666667      -0.223978821799919     
   5.03859708333333        5.03859708333333      -0.202570261734621     
   5.03859708333333        5.33486750000000      -0.182340903664465     
   5.03859708333333        5.63113791666667      -0.163600094234678     
   5.03859708333333        5.92740833333333      -0.146945171363542     
   5.03859708333333        6.22367875000000      -0.132760885753955     
   5.03859708333333        6.51994916666667      -0.121024444024026     
   5.03859708333333        6.81621958333333      -0.111259784700202     
   5.03859708333333        7.11249000000000      -0.102730072917368     
   5.33486750000000       2.000000000000000E-003 -0.274780821122698     
   5.33486750000000       0.298270416666667      -0.297990601096618     
   5.33486750000000       0.594540833333333      -0.320704098636558     
   5.33486750000000       0.890811250000000      -0.341462278202399     
   5.33486750000000        1.18708166666667      -0.358612561048128     
   5.33486750000000        1.48335208333333      -0.370906820520367     
   5.33486750000000        1.77962250000000      -0.377658495674806     
   5.33486750000000        2.07589291666667      -0.378161306858687     
   5.33486750000000        2.37216333333333      -0.371994686592104     
   5.33486750000000        2.66843375000000      -0.359254411574594     
   5.33486750000000        2.96470416666667      -0.341652208389379     
   5.33486750000000        3.26097458333333      -0.320593879157165     
   5.33486750000000        3.55724500000000      -0.296621446047365     
   5.33486750000000        3.85351541666667      -0.270961335069587     
   5.33486750000000        4.14978583333333      -0.246153775946617     
   5.33486750000000        4.44605625000000      -0.224138640356936     
   5.33486750000000        4.74232666666667      -0.204916859987091     
   5.33486750000000        5.03859708333333      -0.187357221327179     
   5.33486750000000        5.33486750000000      -0.170607949125791     
   5.33486750000000        5.63113791666667      -0.154960342256717     
   5.33486750000000        5.92740833333333      -0.140849267197577     
   5.33486750000000        6.22367875000000      -0.128562459586878     
   5.33486750000000        6.51994916666667      -0.118064316750841     
   5.33486750000000        6.81621958333333      -0.108955316597420     
   5.33486750000000        7.11249000000000      -0.100714390996626     
   5.63113791666667       2.000000000000000E-003 -0.257912523300923     
   5.63113791666667       0.298270416666667      -0.275817576058616     
   5.63113791666667       0.594540833333333      -0.292217810295284     
   5.63113791666667       0.890811250000000      -0.306862152270141     
   5.63113791666667        1.18708166666667      -0.318789205402198     
   5.63113791666667        1.48335208333333      -0.326929301846372     
   5.63113791666667        1.77962250000000      -0.330766988990097     
   5.63113791666667        2.07589291666667      -0.330051709921492     
   5.63113791666667        2.37216333333333      -0.324631917943401     
   5.63113791666667        2.66843375000000      -0.314845307953396     
   5.63113791666667        2.96470416666667      -0.301283680515619     
   5.63113791666667        3.26097458333333      -0.284339998604905     
   5.63113791666667        3.55724500000000      -0.264843046494163     
   5.63113791666667        3.85351541666667      -0.244167052957756     
   5.63113791666667        4.14978583333333      -0.224119814066377     
   5.63113791666667        4.44605625000000      -0.206003484867204     
   5.63113791666667        4.74232666666667      -0.189596730348195     
   5.63113791666667        5.03859708333333      -0.174386016238274     
   5.63113791666667        5.33486750000000      -0.160145726482758     
   5.63113791666667        5.63113791666667      -0.146946361632634     
   5.63113791666667        5.92740833333333      -0.134955791238236     
   5.63113791666667        6.22367875000000      -0.124356048118971     
   5.63113791666667        6.51994916666667      -0.114987392739992     
   5.63113791666667        6.81621958333333      -0.106413890849225     
   5.63113791666667        7.11249000000000      -9.834696699656843E-002
   5.92740833333333       2.000000000000000E-003 -0.242835143292991     
   5.92740833333333       0.298270416666667      -0.256115432043332     
   5.92740833333333       0.594540833333333      -0.266778003882445     
   5.92740833333333       0.890811250000000      -0.276317974141055     
   5.92740833333333        1.18708166666667      -0.284384368453929     
   5.92740833333333        1.48335208333333      -0.289840853295362     
   5.92740833333333        1.77962250000000      -0.292028783371318     
   5.92740833333333        2.07589291666667      -0.290880320148358     
   5.92740833333333        2.37216333333333      -0.286344851728858     
   5.92740833333333        2.66843375000000      -0.278464163995943     
   5.92740833333333        2.96470416666667      -0.267539656514002     
   5.92740833333333        3.26097458333333      -0.254004856679379     
   5.92740833333333        3.55724500000000      -0.238512311605553     
   5.92740833333333        3.85351541666667      -0.222061348599041     
   5.92740833333333        4.14978583333333      -0.205764420172506     
   5.92740833333333        4.44605625000000      -0.190373146453491     
   5.92740833333333        4.74232666666667      -0.176116057596817     
   5.92740833333333        5.03859708333333      -0.162931624227440     
   5.92740833333333        5.33486750000000      -0.150744969647548     
   5.92740833333333        5.63113791666667      -0.139493148466152     
   5.92740833333333        5.92740833333333      -0.129301587348655     
   5.92740833333333        6.22367875000000      -0.120231853056207     
   5.92740833333333        6.51994916666667      -0.111924894552585     
   5.92740833333333        6.81621958333333      -0.103690546332780     
   5.92740833333333        7.11249000000000      -9.551037882362887E-002
   6.22367875000000       2.000000000000000E-003 -0.229344305290180     
   6.22367875000000       0.298270416666667      -0.238435367323321     
   6.22367875000000       0.594540833333333      -0.243883784221165     
   6.22367875000000       0.890811250000000      -0.249729405542594     
   6.22367875000000        1.18708166666667      -0.255184521147391     
   6.22367875000000        1.48335208333333      -0.258767319690985     
   6.22367875000000        1.77962250000000      -0.259867337038804     
   6.22367875000000        2.07589291666667      -0.258473103393739     
   6.22367875000000        2.37216333333333      -0.254631304689656     
   6.22367875000000        2.66843375000000      -0.248265787017906     
   6.22367875000000        2.96470416666667      -0.239493193568997     
   6.22367875000000        3.26097458333333      -0.228629404938935     
   6.22367875000000        3.55724500000000      -0.216185926231838     
   6.22367875000000        3.85351541666667      -0.202852671892448     
   6.22367875000000        4.14978583333333      -0.189365206489454     
   6.22367875000000        4.44605625000000      -0.176308022541150     
   6.22367875000000        4.74232666666667      -0.164014622075663     
   6.22367875000000        5.03859708333333      -0.152621058150206     
   6.22367875000000        5.33486750000000      -0.142128860111060     
   6.22367875000000        5.63113791666667      -0.132480526351170     
   6.22367875000000        5.92740833333333      -0.123812186342138     
   6.22367875000000        6.22367875000000      -0.116148663686467     
   6.22367875000000        6.51994916666667      -0.108967470393532     
   6.22367875000000        6.81621958333333      -0.100960609028751     
   6.22367875000000        7.11249000000000      -9.214126238256624E-002
   6.51994916666667       2.000000000000000E-003 -0.216276331978760     
   6.51994916666667       0.298270416666667      -0.221181533773563     
   6.51994916666667       0.594540833333333      -0.223289955874410     
   6.51994916666667       0.890811250000000      -0.227534353093280     
   6.51994916666667        1.18708166666667      -0.231157419309769     
   6.51994916666667        1.48335208333333      -0.233030515469881     
   6.51994916666667        1.77962250000000      -0.233054367885227     
   6.51994916666667        2.07589291666667      -0.231318143930113     
   6.51994916666667        2.37216333333333      -0.227874692460475     
   6.51994916666667        2.66843375000000      -0.222632642978476     
   6.51994916666667        2.96470416666667      -0.215565262587320     
   6.51994916666667        3.26097458333333      -0.206839749950178     
   6.51994916666667        3.55724500000000      -0.196790326392227     
   6.51994916666667        3.85351541666667      -0.185884675349566     
   6.51994916666667        4.14978583333333      -0.174649498918464     
   6.51994916666667        4.44605625000000      -0.163565149735428     
   6.51994916666667        4.74232666666667      -0.152989618398404     
   6.51994916666667        5.03859708333333      -0.143149025955485     
   6.51994916666667        5.33486750000000      -0.134071431405026     
   6.51994916666667        5.63113791666667      -0.125778536082400     
   6.51994916666667        5.92740833333333      -0.118377411678280     
   6.51994916666667        6.22367875000000      -0.111899457509098     
   6.51994916666667        6.51994916666667      -0.105938356083687     
   6.51994916666667        6.81621958333333      -9.868058858000467E-002
   6.51994916666667        7.11249000000000      -8.897710559446531E-002
   6.81621958333333       2.000000000000000E-003 -0.200494059060320     
   6.81621958333333       0.298270416666667      -0.203172736624368     
   6.81621958333333       0.594540833333333      -0.207545569187507     
   6.81621958333333       0.890811250000000      -0.210698517420660     
   6.81621958333333        1.18708166666667      -0.211820335900352     
   6.81621958333333        1.48335208333333      -0.211622196621723     
   6.81621958333333        1.77962250000000      -0.210400649344846     
   6.81621958333333        2.07589291666667      -0.208182448381576     
   6.81621958333333        2.37216333333333      -0.204916581959496     
   6.81621958333333        2.66843375000000      -0.200480090169706     
   6.81621958333333        2.96470416666667      -0.194736973204176     
   6.81621958333333        3.26097458333333      -0.187714171096173     
   6.81621958333333        3.55724500000000      -0.179581258216266     
   6.81621958333333        3.85351541666667      -0.170630893204188     
   6.81621958333333        4.14978583333333      -0.161247192283136     
   6.81621958333333        4.44605625000000      -0.151834229305433     
   6.81621958333333        4.74232666666667      -0.142743751744384     
   6.81621958333333        5.03859708333333      -0.134233393267258     
   6.81621958333333        5.33486750000000      -0.126400034940901     
   6.81621958333333        5.63113791666667      -0.119319023068997     
   6.81621958333333        5.92740833333333      -0.113042647822696     
   6.81621958333333        6.22367875000000      -0.107487474211546     
   6.81621958333333        6.51994916666667      -0.102243635401396     
   6.81621958333333        6.81621958333333      -9.623459226526472E-002
   6.81621958333333        7.11249000000000      -8.793563169337737E-002
   7.11249000000000       2.000000000000000E-003 -0.181249529843372     
   7.11249000000000       0.298270416666667      -0.192039721978034     
   7.11249000000000       0.594540833333333      -0.196656103106200     
   7.11249000000000       0.890811250000000      -0.196388876601266     
   7.11249000000000        1.18708166666667      -0.194765020806935     
   7.11249000000000        1.48335208333333      -0.192810164431486     
   7.11249000000000        1.77962250000000      -0.190610017752050     
   7.11249000000000        2.07589291666667      -0.188028887209180     
   7.11249000000000        2.37216333333333      -0.184890358200298     
   7.11249000000000        2.66843375000000      -0.181070799229900     
   7.11249000000000        2.96470416666667      -0.176359893442064     
   7.11249000000000        3.26097458333333      -0.170680097233852     
   7.11249000000000        3.55724500000000      -0.164073609352291     
   7.11249000000000        3.85351541666667      -0.156702125283835     
   7.11249000000000        4.14978583333333      -0.148845625959669     
   7.11249000000000        4.44605625000000      -0.140845658683770     
   7.11249000000000        4.74232666666667      -0.133032493624209     
   7.11249000000000        5.03859708333333      -0.125672519606215     
   7.11249000000000        5.33486750000000      -0.118953489674874     
   7.11249000000000        5.63113791666667      -0.113005934058193     
   7.11249000000000        5.92740833333333      -0.107900162550620     
   7.11249000000000        6.22367875000000      -0.103529481954595     
   7.11249000000000        6.51994916666667      -9.921382415224644E-002
   7.11249000000000        6.81621958333333      -9.300212956637800E-002
   7.11249000000000        7.11249000000000      -8.523440218160222E-002
