  2.000000000000000E-003  2.000000000000000E-003 -0.574390581795123     
  2.000000000000000E-003  0.298270416666667      -0.564699774968826     
  2.000000000000000E-003  0.594540833333333      -0.518221303332208     
  2.000000000000000E-003  0.890811250000000      -0.449266996194388     
  2.000000000000000E-003   1.18708166666667      -0.386303083843628     
  2.000000000000000E-003   1.48335208333333      -0.335985625937934     
  2.000000000000000E-003   1.77962250000000      -0.296431162712261     
  2.000000000000000E-003   2.07589291666667      -0.264706711987676     
  2.000000000000000E-003   2.37216333333333      -0.238408482039103     
  2.000000000000000E-003   2.66843375000000      -0.216105310266357     
  2.000000000000000E-003   2.96470416666667      -0.196726209834416     
  2.000000000000000E-003   3.26097458333333      -0.179528166509646     
  2.000000000000000E-003   3.55724500000000      -0.164026647773294     
  2.000000000000000E-003   3.85351541666667      -0.149944287186750     
  2.000000000000000E-003   4.14978583333333      -0.137161256852991     
  2.000000000000000E-003   4.44605625000000      -0.125634910974438     
  2.000000000000000E-003   4.74232666666667      -0.115339689978095     
  2.000000000000000E-003   5.03859708333333      -0.106258698939403     
  2.000000000000000E-003   5.33486750000000      -9.845273456715620E-002
  2.000000000000000E-003   5.63113791666667      -9.190543070344136E-002
  2.000000000000000E-003   5.92740833333333      -8.652939085853578E-002
  2.000000000000000E-003   6.22367875000000      -8.208379831754567E-002
  2.000000000000000E-003   6.51994916666667      -7.787859311831077E-002
  2.000000000000000E-003   6.81621958333333      -7.226661034785221E-002
  2.000000000000000E-003   7.11249000000000      -6.552914877547811E-002
  0.298270416666667       2.000000000000000E-003 -0.703927789872304     
  0.298270416666667       0.298270416666667      -0.618562953630059     
  0.298270416666667       0.594540833333333      -0.549751381646555     
  0.298270416666667       0.890811250000000      -0.483589900049624     
  0.298270416666667        1.18708166666667      -0.419143654358562     
  0.298270416666667        1.48335208333333      -0.364615005133290     
  0.298270416666667        1.77962250000000      -0.320395712856489     
  0.298270416666667        2.07589291666667      -0.284197269620600     
  0.298270416666667        2.37216333333333      -0.253900349115198     
  0.298270416666667        2.66843375000000      -0.228550795651765     
  0.298270416666667        2.96470416666667      -0.206777641870402     
  0.298270416666667        3.26097458333333      -0.187662239828658     
  0.298270416666667        3.55724500000000      -0.170633550661154     
  0.298270416666667        3.85351541666667      -0.155356116094496     
  0.298270416666667        4.14978583333333      -0.141648502276756     
  0.298270416666667        4.44605625000000      -0.129400840039822     
  0.298270416666667        4.74232666666667      -0.118521825997561     
  0.298270416666667        5.03859708333333      -0.108936512327402     
  0.298270416666667        5.33486750000000      -0.100664630929902     
  0.298270416666667        5.63113791666667      -9.366420713426536E-002
  0.298270416666667        5.92740833333333      -8.779958818517231E-002
  0.298270416666667        6.22367875000000      -8.273949143734967E-002
  0.298270416666667        6.51994916666667      -7.773283235487231E-002
  0.298270416666667        6.81621958333333      -7.197933807055240E-002
  0.298270416666667        7.11249000000000      -6.695903678440661E-002
  0.594540833333333       2.000000000000000E-003 -0.773018517135033     
  0.594540833333333       0.298270416666667      -0.700185991106275     
  0.594540833333333       0.594540833333333      -0.598285495148604     
  0.594540833333333       0.890811250000000      -0.518029613615961     
  0.594540833333333        1.18708166666667      -0.448910441585028     
  0.594540833333333        1.48335208333333      -0.390103399584063     
  0.594540833333333        1.77962250000000      -0.341464019130050     
  0.594540833333333        2.07589291666667      -0.301140603782544     
  0.594540833333333        2.37216333333333      -0.267439606958509     
  0.594540833333333        2.66843375000000      -0.239419036362052     
  0.594540833333333        2.96470416666667      -0.215506617601275     
  0.594540833333333        3.26097458333333      -0.194687305163900     
  0.594540833333333        3.55724500000000      -0.176314658913210     
  0.594540833333333        3.85351541666667      -0.159987581978061     
  0.594540833333333        4.14978583333333      -0.145458182246575     
  0.594540833333333        4.44605625000000      -0.132554141435040     
  0.594540833333333        4.74232666666667      -0.121129737534587     
  0.594540833333333        5.03859708333333      -0.111052405039451     
  0.594540833333333        5.33486750000000      -0.102283767573591     
  0.594540833333333        5.63113791666667      -9.474221875745538E-002
  0.594540833333333        5.92740833333333      -8.823540080422404E-002
  0.594540833333333        6.22367875000000      -8.239927694475209E-002
  0.594540833333333        6.51994916666667      -7.673482956256085E-002
  0.594540833333333        6.81621958333333      -7.127438644848966E-002
  0.594540833333333        7.11249000000000      -6.669718631817527E-002
  0.890811250000000       2.000000000000000E-003 -0.810532409080129     
  0.890811250000000       0.298270416666667      -0.759386360728617     
  0.890811250000000       0.594540833333333      -0.657684975551273     
  0.890811250000000       0.890811250000000      -0.560697145216447     
  0.890811250000000        1.18708166666667      -0.479609207056778     
  0.890811250000000        1.48335208333333      -0.413177109674272     
  0.890811250000000        1.77962250000000      -0.359081115100126     
  0.890811250000000        2.07589291666667      -0.314716866772939     
  0.890811250000000        2.37216333333333      -0.278374175381369     
  0.890811250000000        2.66843375000000      -0.248198276199980     
  0.890811250000000        2.96470416666667      -0.222578060458244     
  0.890811250000000        3.26097458333333      -0.200432546366316     
  0.890811250000000        3.55724500000000      -0.181026357011148     
  0.890811250000000        3.85351541666667      -0.163871588189922     
  0.890811250000000        4.14978583333333      -0.148654236796833     
  0.890811250000000        4.44605625000000      -0.135161914003377     
  0.890811250000000        4.74232666666667      -0.123224539405364     
  0.890811250000000        5.03859708333333      -0.112685733558954     
  0.890811250000000        5.33486750000000      -0.103433148767060     
  0.890811250000000        5.63113791666667      -9.538242625366505E-002
  0.890811250000000        5.92740833333333      -8.833930893499428E-002
  0.890811250000000        6.22367875000000      -8.203308858233284E-002
  0.890811250000000        6.51994916666667      -7.621902348106414E-002
  0.890811250000000        6.81621958333333      -7.091543408796019E-002
  0.890811250000000        7.11249000000000      -6.613646149185680E-002
   1.18708166666667       2.000000000000000E-003 -0.812647026272427     
   1.18708166666667       0.298270416666667      -0.775757213895035     
   1.18708166666667       0.594540833333333      -0.688851604252769     
   1.18708166666667       0.890811250000000      -0.591160797864279     
   1.18708166666667        1.18708166666667      -0.503512092059159     
   1.18708166666667        1.48335208333333      -0.430723913096126     
   1.18708166666667        1.77962250000000      -0.371841306566365     
   1.18708166666667        2.07589291666667      -0.324523894138963     
   1.18708166666667        2.37216333333333      -0.286268069146812     
   1.18708166666667        2.66843375000000      -0.254571532734762     
   1.18708166666667        2.96470416666667      -0.227823577875900     
   1.18708166666667        3.26097458333333      -0.204869438545893     
   1.18708166666667        3.55724500000000      -0.184844570020524     
   1.18708166666667        3.85351541666667      -0.167136680325723     
   1.18708166666667        4.14978583333333      -0.151370372214038     
   1.18708166666667        4.44605625000000      -0.137339892679679     
   1.18708166666667        4.74232666666667      -0.124904944529343     
   1.18708166666667        5.03859708333333      -0.113923464390212     
   1.18708166666667        5.33486750000000      -0.104246170254677     
   1.18708166666667        5.63113791666667      -9.577317888775862E-002
   1.18708166666667        5.92740833333333      -8.834713156732014E-002
   1.18708166666667        6.22367875000000      -8.176908370745592E-002
   1.18708166666667        6.51994916666667      -7.586118919178339E-002
   1.18708166666667        6.81621958333333      -7.050509868258183E-002
   1.18708166666667        7.11249000000000      -6.554287012682065E-002
   1.48335208333333       2.000000000000000E-003 -0.783743756584479     
   1.48335208333333       0.298270416666667      -0.756270378154513     
   1.48335208333333       0.594540833333333      -0.685479390626703     
   1.48335208333333       0.890811250000000      -0.597876461404005     
   1.48335208333333        1.18708166666667      -0.512415552412056     
   1.48335208333333        1.48335208333333      -0.438379282384304     
   1.48335208333333        1.77962250000000      -0.378026307012555     
   1.48335208333333        2.07589291666667      -0.329965776304086     
   1.48335208333333        2.37216333333333      -0.290818530411669     
   1.48335208333333        2.66843375000000      -0.258421244645311     
   1.48335208333333        2.96470416666667      -0.231268528900653     
   1.48335208333333        3.26097458333333      -0.208131076219647     
   1.48335208333333        3.55724500000000      -0.187976142943814     
   1.48335208333333        3.85351541666667      -0.170005019930507     
   1.48335208333333        4.14978583333333      -0.153785512970144     
   1.48335208333333        4.44605625000000      -0.139204010296982     
   1.48335208333333        4.74232666666667      -0.126253965557152     
   1.48335208333333        5.03859708333333      -0.114842366846393     
   1.48335208333333        5.33486750000000      -0.104811545450413     
   1.48335208333333        5.63113791666667      -9.600567239458369E-002
   1.48335208333333        5.92740833333333      -8.829562694396136E-002
   1.48335208333333        6.22367875000000      -8.151779380755929E-002
   1.48335208333333        6.51994916666667      -7.549076199699800E-002
   1.48335208333333        6.81621958333333      -7.003075884729372E-002
   1.48335208333333        7.11249000000000      -6.496022686371200E-002
   1.77962250000000       2.000000000000000E-003 -0.732439693542001     
   1.77962250000000       0.298270416666667      -0.711914489303415     
   1.77962250000000       0.594540833333333      -0.655257852266799     
   1.77962250000000       0.890811250000000      -0.580543256492459     
   1.77962250000000        1.18708166666667      -0.503493503934352     
   1.77962250000000        1.48335208333333      -0.434413970902409     
   1.77962250000000        1.77962250000000      -0.377557271480367     
   1.77962250000000        2.07589291666667      -0.330706461089937     
   1.77962250000000        2.37216333333333      -0.291983069991014     
   1.77962250000000        2.66843375000000      -0.259823784348862     
   1.77962250000000        2.96470416666667      -0.232999637954887     
   1.77962250000000        3.26097458333333      -0.210334674757350     
   1.77962250000000        3.55724500000000      -0.190539278557306     
   1.77962250000000        3.85351541666667      -0.172565001329868     
   1.77962250000000        4.14978583333333      -0.155948860736031     
   1.77962250000000        4.44605625000000      -0.140790179046822     
   1.77962250000000        4.74232666666667      -0.127280253836696     
   1.77962250000000        5.03859708333333      -0.115467025994992     
   1.77962250000000        5.33486750000000      -0.105143574262786     
   1.77962250000000        5.63113791666667      -9.610195861965240E-002
   1.77962250000000        5.92740833333333      -8.818302714534532E-002
   1.77962250000000        6.22367875000000      -8.124721482150267E-002
   1.77962250000000        6.51994916666667      -7.510915177267484E-002
   1.77962250000000        6.81621958333333      -6.956826612149648E-002
   1.77962250000000        7.11249000000000      -6.444736784288983E-002
   2.07589291666667       2.000000000000000E-003 -0.665225608782604     
   2.07589291666667       0.298270416666667      -0.648603122480561     
   2.07589291666667       0.594540833333333      -0.604669645060419     
   2.07589291666667       0.890811250000000      -0.543841659867891     
   2.07589291666667        1.18708166666667      -0.480855809684084     
   2.07589291666667        1.48335208333333      -0.422353654868259     
   2.07589291666667        1.77962250000000      -0.370843063878857     
   2.07589291666667        2.07589291666667      -0.326899784407888     
   2.07589291666667        2.37216333333333      -0.289819800141821     
   2.07589291666667        2.66843375000000      -0.258734587682154     
   2.07589291666667        2.96470416666667      -0.232970517468262     
   2.07589291666667        3.26097458333333      -0.211532458653001     
   2.07589291666667        3.55724500000000      -0.192708942348808     
   2.07589291666667        3.85351541666667      -0.174904450340072     
   2.07589291666667        4.14978583333333      -0.157791431174220     
   2.07589291666667        4.44605625000000      -0.141989580595118     
   2.07589291666667        4.74232666666667      -0.127961003194934     
   2.07589291666667        5.03859708333333      -0.115768898787758     
   2.07589291666667        5.33486750000000      -0.105246176636145     
   2.07589291666667        5.63113791666667      -9.604504234444580E-002
   2.07589291666667        5.92740833333333      -8.799044551017110E-002
   2.07589291666667        6.22367875000000      -8.094522119004775E-002
   2.07589291666667        6.51994916666667      -7.473161457385845E-002
   2.07589291666667        6.81621958333333      -6.915367942563755E-002
   2.07589291666667        7.11249000000000      -6.402118205515481E-002
   2.37216333333333       2.000000000000000E-003 -0.590465506801463     
   2.37216333333333       0.298270416666667      -0.579069182527621     
   2.37216333333333       0.594540833333333      -0.547749091251235     
   2.37216333333333       0.890811250000000      -0.503405543220192     
   2.37216333333333        1.18708166666667      -0.453499903085594     
   2.37216333333333        1.48335208333333      -0.403925634995977     
   2.37216333333333        1.77962250000000      -0.358581185120664     
   2.37216333333333        2.07589291666667      -0.318791282951970     
   2.37216333333333        2.37216333333333      -0.284392973780524     
   2.37216333333333        2.66843375000000      -0.255175256813570     
   2.37216333333333        2.96470416666667      -0.231098743055012     
   2.37216333333333        3.26097458333333      -0.211701914202481     
   2.37216333333333        3.55724500000000      -0.194616003661262     
   2.37216333333333        3.85351541666667      -0.177030942718375     
   2.37216333333333        4.14978583333333      -0.159132821940012     
   2.37216333333333        4.44605625000000      -0.142663692205873     
   2.37216333333333        4.74232666666667      -0.128274033158293     
   2.37216333333333        5.03859708333333      -0.115832594795155     
   2.37216333333333        5.33486750000000      -0.105112321404573     
   2.37216333333333        5.63113791666667      -9.582462109594884E-002
   2.37216333333333        5.92740833333333      -8.767208697719019E-002
   2.37216333333333        6.22367875000000      -8.055665873983302E-002
   2.37216333333333        6.51994916666667      -7.431923674354256E-002
   2.37216333333333        6.81621958333333      -6.874892019232740E-002
   2.37216333333333        7.11249000000000      -6.364775992884694E-002
   2.66843375000000       2.000000000000000E-003 -0.528941886607879     
   2.66843375000000       0.298270416666667      -0.520560085030739     
   2.66843375000000       0.594540833333333      -0.496936998204377     
   2.66843375000000       0.890811250000000      -0.462171016729449     
   2.66843375000000        1.18708166666667      -0.421490019217821     
   2.66843375000000        1.48335208333333      -0.379999558324847     
   2.66843375000000        1.77962250000000      -0.341463022924128     
   2.66843375000000        2.07589291666667      -0.306895798051980     
   2.66843375000000        2.37216333333333      -0.276369862771027     
   2.66843375000000        2.66843375000000      -0.249773859800861     
   2.66843375000000        2.96470416666667      -0.227512122422458     
   2.66843375000000        3.26097458333333      -0.210561248138476     
   2.66843375000000        3.55724500000000      -0.196179233224832     
   2.66843375000000        3.85351541666667      -0.178541310242553     
   2.66843375000000        4.14978583333333      -0.159555937767062     
   2.66843375000000        4.44605625000000      -0.142789832287506     
   2.66843375000000        4.74232666666667      -0.128331251358251     
   2.66843375000000        5.03859708333333      -0.115729458766512     
   2.66843375000000        5.33486750000000      -0.104812726994875     
   2.66843375000000        5.63113791666667      -9.539765311302797E-002
   2.66843375000000        5.92740833333333      -8.717968270321054E-002
   2.66843375000000        6.22367875000000      -8.002626900572395E-002
   2.66843375000000        6.51994916666667      -7.379016972156974E-002
   2.66843375000000        6.81621958333333      -6.825430628643411E-002
   2.66843375000000        7.11249000000000      -6.320379102027994E-002
   2.96470416666667       2.000000000000000E-003 -0.471155808910487     
   2.96470416666667       0.298270416666667      -0.464628130908875     
   2.96470416666667       0.594540833333333      -0.446075125754379     
   2.96470416666667       0.890811250000000      -0.418389236038364     
   2.96470416666667        1.18708166666667      -0.385592674623856     
   2.96470416666667        1.48335208333333      -0.352097022565842     
   2.96470416666667        1.77962250000000      -0.320713139286366     
   2.96470416666667        2.07589291666667      -0.292268972618792     
   2.96470416666667        2.37216333333333      -0.266867508770517     
   2.96470416666667        2.66843375000000      -0.244006453197716     
   2.96470416666667        2.96470416666667      -0.223378753863184     
   2.96470416666667        3.26097458333333      -0.207464190370456     
   2.96470416666667        3.55724500000000      -0.196425273449079     
   2.96470416666667        3.85351541666667      -0.178196315795214     
   2.96470416666667        4.14978583333333      -0.158987321077219     
   2.96470416666667        4.44605625000000      -0.142885211569929     
   2.96470416666667        4.74232666666667      -0.128388317892719     
   2.96470416666667        5.03859708333333      -0.115442146507145     
   2.96470416666667        5.33486750000000      -0.104233369552208     
   2.96470416666667        5.63113791666667      -9.465576857105330E-002
   2.96470416666667        5.92740833333333      -8.640248826069237E-002
   2.96470416666667        6.22367875000000      -7.926706864640477E-002
   2.96470416666667        6.51994916666667      -7.308307105083522E-002
   2.96470416666667        6.81621958333333      -6.761866267506908E-002
   2.96470416666667        7.11249000000000      -6.264355679791676E-002
   3.26097458333333       2.000000000000000E-003 -0.414758986928354     
   3.26097458333333       0.298270416666667      -0.409689942530776     
   3.26097458333333       0.594540833333333      -0.395298855768366     
   3.26097458333333       0.890811250000000      -0.373779292553010     
   3.26097458333333        1.18708166666667      -0.348266448714814     
   3.26097458333333        1.48335208333333      -0.322329710291954     
   3.26097458333333        1.77962250000000      -0.297996981407829     
   3.26097458333333        2.07589291666667      -0.275853142955780     
   3.26097458333333        2.37216333333333      -0.256193943529744     
   3.26097458333333        2.66843375000000      -0.238570985927154     
   3.26097458333333        2.96470416666667      -0.221373759868566     
   3.26097458333333        3.26097458333333      -0.203287830312067     
   3.26097458333333        3.55724500000000      -0.191938330294944     
   3.26097458333333        3.85351541666667      -0.175179369555465     
   3.26097458333333        4.14978583333333      -0.159320905704119     
   3.26097458333333        4.44605625000000      -0.143431283807544     
   3.26097458333333        4.74232666666667      -0.128064566745418     
   3.26097458333333        5.03859708333333      -0.114505040506679     
   3.26097458333333        5.33486750000000      -0.103026138654944     
   3.26097458333333        5.63113791666667      -9.339199676452568E-002
   3.26097458333333        5.92740833333333      -8.518708633702160E-002
   3.26097458333333        6.22367875000000      -7.816192732566267E-002
   3.26097458333333        6.51994916666667      -7.210539385182808E-002
   3.26097458333333        6.81621958333333      -6.676587001542941E-002
   3.26097458333333        7.11249000000000      -6.190140740723107E-002
   3.55724500000000       2.000000000000000E-003 -0.362370026667366     
   3.55724500000000       0.298270416666667      -0.358555403281450     
   3.55724500000000       0.594540833333333      -0.347773124421336     
   3.55724500000000       0.890811250000000      -0.331663471072814     
   3.55724500000000        1.18708166666667      -0.312560599017638     
   3.55724500000000        1.48335208333333      -0.293172487077566     
   3.55724500000000        1.77962250000000      -0.274774484554389     
   3.55724500000000        2.07589291666667      -0.257910390965618     
   3.55724500000000        2.37216333333333      -0.242826787027821     
   3.55724500000000        2.66843375000000      -0.229320670082113     
   3.55724500000000        2.96470416666667      -0.216252103198577     
   3.55724500000000        3.26097458333333      -0.200514759970750     
   3.55724500000000        3.55724500000000      -0.181327778270459     
   3.55724500000000        3.85351541666667      -0.170909117501964     
   3.55724500000000        4.14978583333333      -0.157306937097393     
   3.55724500000000        4.44605625000000      -0.140857165144117     
   3.55724500000000        4.74232666666667      -0.125322038369363     
   3.55724500000000        5.03859708333333      -0.111930251908153     
   3.55724500000000        5.33486750000000      -0.100714301829937     
   3.55724500000000        5.63113791666667      -9.135302663839871E-002
   3.55724500000000        5.92740833333333      -8.340337842892820E-002
   3.55724500000000        6.22367875000000      -7.661957163046249E-002
   3.55724500000000        6.51994916666667      -7.077998101518071E-002
   3.55724500000000        6.81621958333333      -6.562509087405477E-002
   3.55724500000000        7.11249000000000      -6.091126983049933E-002
   3.85351541666667       2.000000000000000E-003 -0.317054451454792     
   3.85351541666667       0.298270416666667      -0.314292938607474     
   3.85351541666667       0.594540833333333      -0.306472386731838     
   3.85351541666667       0.890811250000000      -0.294725574100951     
   3.85351541666667        1.18708166666667      -0.280675175797624     
   3.85351541666667        1.48335208333333      -0.266207272175449     
   3.85351541666667        1.77962250000000      -0.252194125677607     
   3.85351541666667        2.07589291666667      -0.238819788638585     
   3.85351541666667        2.37216333333333      -0.226105859784104     
   3.85351541666667        2.66843375000000      -0.213380194432643     
   3.85351541666667        2.96470416666667      -0.199664105430498     
   3.85351541666667        3.26097458333333      -0.187179245981323     
   3.85351541666667        3.55724500000000      -0.175551442742590     
   3.85351541666667        3.85351541666667      -0.154951653212344     
   3.85351541666667        4.14978583333333      -0.142902773173286     
   3.85351541666667        4.44605625000000      -0.131205057307448     
   3.85351541666667        4.74232666666667      -0.118814864587787     
   3.85351541666667        5.03859708333333      -0.107248317207536     
   3.85351541666667        5.33486750000000      -9.713728177033934E-002
   3.85351541666667        5.63113791666667      -8.848685585508945E-002
   3.85351541666667        5.92740833333333      -8.103634680501440E-002
   3.85351541666667        6.22367875000000      -7.463025483218332E-002
   3.85351541666667        6.51994916666667      -6.908957993639968E-002
   3.85351541666667        6.81621958333333      -6.417033379089244E-002
   3.85351541666667        7.11249000000000      -5.964200019314224E-002
   4.14978583333333       2.000000000000000E-003 -0.280068610626410     
   4.14978583333333       0.298270416666667      -0.278080309409714     
   4.14978583333333       0.594540833333333      -0.272401609048451     
   4.14978583333333       0.890811250000000      -0.263757851008196     
   4.14978583333333        1.18708166666667      -0.253212578140370     
   4.14978583333333        1.48335208333333      -0.242019128594411     
   4.14978583333333        1.77962250000000      -0.230771015835449     
   4.14978583333333        2.07589291666667      -0.219510420682281     
   4.14978583333333        2.37216333333333      -0.208152330650846     
   4.14978583333333        2.66843375000000      -0.196352652159183     
   4.14978583333333        2.96470416666667      -0.184727848373580     
   4.14978583333333        3.26097458333333      -0.176386801916616     
   4.14978583333333        3.55724500000000      -0.166012632333756     
   4.14978583333333        3.85351541666667      -0.145373051181225     
   4.14978583333333        4.14978583333333      -0.130232014506525     
   4.14978583333333        4.44605625000000      -0.120222006818099     
   4.14978583333333        4.74232666666667      -0.110709533413325     
   4.14978583333333        5.03859708333333      -0.101356193355409     
   4.14978583333333        5.33486750000000      -9.271581320701845E-002
   4.14978583333333        5.63113791666667      -8.502557892219760E-002
   4.14978583333333        5.92740833333333      -7.822366938252139E-002
   4.14978583333333        6.22367875000000      -7.228401574621657E-002
   4.14978583333333        6.51994916666667      -6.709421236508543E-002
   4.14978583333333        6.81621958333333      -6.244094270942848E-002
   4.14978583333333        7.11249000000000      -5.811983647314055E-002
   4.44605625000000       2.000000000000000E-003 -0.250439319605797     
   4.44605625000000       0.298270416666667      -0.248928859151289     
   4.44605625000000       0.594540833333333      -0.244576765960452     
   4.44605625000000       0.890811250000000      -0.237858160329491     
   4.44605625000000        1.18708166666667      -0.229475777615136     
   4.44605625000000        1.48335208333333      -0.220241465477048     
   4.44605625000000        1.77962250000000      -0.210713324023065     
   4.44605625000000        2.07589291666667      -0.200891240178527     
   4.44605625000000        2.37216333333333      -0.190869765317216     
   4.44605625000000        2.66843375000000      -0.180868988306772     
   4.44605625000000        2.96470416666667      -0.171704745954538     
   4.44605625000000        3.26097458333333      -0.163832610072665     
   4.44605625000000        3.55724500000000      -0.153190835762768     
   4.44605625000000        3.85351541666667      -0.137256689261677     
   4.44605625000000        4.14978583333333      -0.122742752909676     
   4.44605625000000        4.44605625000000      -0.112244519120209     
   4.44605625000000        4.74232666666667      -0.103580342587176     
   4.44605625000000        5.03859708333333      -9.557277419547580E-002
   4.44605625000000        5.33486750000000      -8.813655104436829E-002
   4.44605625000000        5.63113791666667      -8.134611615674428E-002
   4.44605625000000        5.92740833333333      -7.518735274402917E-002
   4.44605625000000        6.22367875000000      -6.973361737744710E-002
   4.44605625000000        6.51994916666667      -6.490872904096100E-002
   4.44605625000000        6.81621958333333      -6.052960999626784E-002
   4.44605625000000        7.11249000000000      -5.642432177681473E-002
   4.74232666666667       2.000000000000000E-003 -0.226147357969820     
   4.74232666666667       0.298270416666667      -0.224879017628345     
   4.74232666666667       0.594540833333333      -0.221218325162077     
   4.74232666666667       0.890811250000000      -0.215549946696255     
   4.74232666666667        1.18708166666667      -0.208411243595928     
   4.74232666666667        1.48335208333333      -0.200390251443090     
   4.74232666666667        1.77962250000000      -0.191993228704247     
   4.74232666666667        2.07589291666667      -0.183357831559980     
   4.74232666666667        2.37216333333333      -0.174654642914138     
   4.74232666666667        2.66843375000000      -0.166182751924266     
   4.74232666666667        2.96470416666667      -0.158223270407449     
   4.74232666666667        3.26097458333333      -0.150276743965579     
   4.74232666666667        3.55724500000000      -0.140438127891345     
   4.74232666666667        3.85351541666667      -0.128171950952860     
   4.74232666666667        4.14978583333333      -0.116079875374997     
   4.74232666666667        4.44605625000000      -0.106060522407075     
   4.74232666666667        4.74232666666667      -9.777032002284698E-002
   4.74232666666667        5.03859708333333      -9.047360576809389E-002
   4.74232666666667        5.33486750000000      -8.383885975277876E-002
   4.74232666666667        5.63113791666667      -7.772002167727061E-002
   4.74232666666667        5.92740833333333      -7.212112649412962E-002
   4.74232666666667        6.22367875000000      -6.712382933448491E-002
   4.74232666666667        6.51994916666667      -6.265010337688511E-002
   4.74232666666667        6.81621958333333      -5.854268590274694E-002
   4.74232666666667        7.11249000000000      -5.465952059185798E-002
   5.03859708333333       2.000000000000000E-003 -0.205709511290063     
   5.03859708333333       0.298270416666667      -0.204501001300351     
   5.03859708333333       0.594540833333333      -0.201074565372129     
   5.03859708333333       0.890811250000000      -0.195865685372044     
   5.03859708333333        1.18708166666667      -0.189433392194225     
   5.03859708333333        1.48335208333333      -0.182266706296287     
   5.03859708333333        1.77962250000000      -0.174769047501673     
   5.03859708333333        2.07589291666667      -0.167204356798838     
   5.03859708333333        2.37216333333333      -0.159672746544202     
   5.03859708333333        2.66843375000000      -0.152333580287774     
   5.03859708333333        2.96470416666667      -0.145148275260098     
   5.03859708333333        3.26097458333333      -0.137628973726448     
   5.03859708333333        3.55724500000000      -0.128981332145744     
   5.03859708333333        3.85351541666667      -0.119161324750396     
   5.03859708333333        4.14978583333333      -0.109274074903316     
   5.03859708333333        4.44605625000000      -0.100383231844264     
   5.03859708333333        4.74232666666667      -9.270356696949747E-002
   5.03859708333333        5.03859708333333      -8.596670038230481E-002
   5.03859708333333        5.33486750000000      -7.987524929531074E-002
   5.03859708333333        5.63113791666667      -7.424116451254313E-002
   5.03859708333333        5.92740833333333      -6.912194095774390E-002
   5.03859708333333        6.22367875000000      -6.452623547487868E-002
   5.03859708333333        6.51994916666667      -6.037883844677273E-002
   5.03859708333333        6.81621958333333      -5.655367102869178E-002
   5.03859708333333        7.11249000000000      -5.291451079443588E-002
   5.33486750000000       2.000000000000000E-003 -0.188295703003518     
   5.33486750000000       0.298270416666667      -0.187083517454687     
   5.33486750000000       0.594540833333333      -0.183650954131076     
   5.33486750000000       0.890811250000000      -0.178606096187931     
   5.33486750000000        1.18708166666667      -0.172582583797953     
   5.33486750000000        1.48335208333333      -0.166082370266095     
   5.33486750000000        1.77962250000000      -0.159419970721767     
   5.33486750000000        2.07589291666667      -0.152776085060340     
   5.33486750000000        2.37216333333333      -0.146237062553962     
   5.33486750000000        2.66843375000000      -0.139793444733772     
   5.33486750000000        2.96470416666667      -0.133315264783922     
   5.33486750000000        3.26097458333333      -0.126478808069269     
   5.33486750000000        3.55724500000000      -0.118953461322374     
   5.33486750000000        3.85351541666667      -0.110808204642825     
   5.33486750000000        4.14978583333333      -0.102586138907783     
   5.33486750000000        4.44605625000000      -9.488465024135054E-002
   5.33486750000000        4.74232666666667      -8.796566179478964E-002
   5.33486750000000        5.03859708333333      -8.176462316972476E-002
   5.33486750000000        5.33486750000000      -7.609510628122025E-002
   5.33486750000000        5.63113791666667      -7.090640710168505E-002
   5.33486750000000        5.92740833333333      -6.618261691386308E-002
   5.33486750000000        6.22367875000000      -6.193838306055093E-002
   5.33486750000000        6.51994916666667      -5.811366564487510E-002
   5.33486750000000        6.81621958333333      -5.458125783965828E-002
   5.33486750000000        7.11249000000000      -5.120406104568488E-002
   5.63113791666667       2.000000000000000E-003 -0.173325120932780     
   5.63113791666667       0.298270416666667      -0.172044949548777     
   5.63113791666667       0.594540833333333      -0.168544073489677     
   5.63113791666667       0.890811250000000      -0.163613075963003     
   5.63113791666667        1.18708166666667      -0.157960756064297     
   5.63113791666667        1.48335208333333      -0.152056657332520     
   5.63113791666667        1.77962250000000      -0.146128331100562     
   5.63113791666667        2.07589291666667      -0.140277543334635     
   5.63113791666667        2.37216333333333      -0.134517870755494     
   5.63113791666667        2.66843375000000      -0.128785635701256     
   5.63113791666667        2.96470416666667      -0.122933217338567     
   5.63113791666667        3.26097458333333      -0.116778210493334     
   5.63113791666667        3.55724500000000      -0.110184261870987     
   5.63113791666667        3.85351541666667      -0.103236789860481     
   5.63113791666667        4.14978583333333      -9.623953989029915E-002
   5.63113791666667        4.44605625000000      -8.954919360293152E-002
   5.63113791666667        4.74232666666667      -8.334889883513867E-002
   5.63113791666667        5.03859708333333      -7.767461767065031E-002
   5.63113791666667        5.33486750000000      -7.247802301513688E-002
   5.63113791666667        5.63113791666667      -6.768951036530520E-002
   5.63113791666667        5.92740833333333      -6.332268723844761E-002
   5.63113791666667        6.22367875000000      -5.939797502760014E-002
   5.63113791666667        6.51994916666667      -5.587607393267369E-002
   5.63113791666667        6.81621958333333      -5.263934022949784E-002
   5.63113791666667        7.11249000000000      -4.952883161605541E-002
   5.92740833333333       2.000000000000000E-003 -0.160368623353648     
   5.92740833333333       0.298270416666667      -0.158980023620570     
   5.92740833333333       0.594540833333333      -0.155376809253589     
   5.92740833333333       0.890811250000000      -0.150578429154690     
   5.92740833333333        1.18708166666667      -0.145326784548045     
   5.92740833333333        1.48335208333333      -0.139988178197418     
   5.92740833333333        1.77962250000000      -0.134693505055613     
   5.92740833333333        2.07589291666667      -0.129463715834155     
   5.92740833333333        2.37216333333333      -0.124294603794075     
   5.92740833333333        2.66843375000000      -0.119121923637079     
   5.92740833333333        2.96470416666667      -0.113827753045820     
   5.92740833333333        3.26097458333333      -0.108288315798458     
   5.92740833333333        3.55724500000000      -0.102450452050359     
   5.92740833333333        3.85351541666667      -9.639076712096668E-002
   5.92740833333333        4.14978583333333      -9.030452049394753E-002
   5.92740833333333        4.44605625000000      -8.441880235007977E-002
   5.92740833333333        4.74232666666667      -7.889557620744030E-002
   5.92740833333333        5.03859708333333      -7.378711598590135E-002
   5.92740833333333        5.33486750000000      -6.904434761475357E-002
   5.92740833333333        5.63113791666667      -6.463547774861447E-002
   5.92740833333333        5.92740833333333      -6.058664362063219E-002
   5.92740833333333        6.22367875000000      -5.692484245388541E-002
   5.92740833333333        6.51994916666667      -5.365845288180472E-002
   5.92740833333333        6.81621958333333      -5.070578725676411E-002
   5.92740833333333        7.11249000000000      -4.785705276427223E-002
   6.22367875000000       2.000000000000000E-003 -0.148915341491808     
   6.22367875000000       0.298270416666667      -0.147334588874553     
   6.22367875000000       0.594540833333333      -0.143640343119166     
   6.22367875000000       0.890811250000000      -0.139094293796157     
   6.22367875000000        1.18708166666667      -0.134259474635877     
   6.22367875000000        1.48335208333333      -0.129395737804678     
   6.22367875000000        1.77962250000000      -0.124595338371864     
   6.22367875000000        2.07589291666667      -0.119843694123519     
   6.22367875000000        2.37216333333333      -0.115128308408681     
   6.22367875000000        2.66843375000000      -0.110415931703457     
   6.22367875000000        2.96470416666667      -0.105624353616131     
   6.22367875000000        3.26097458333333      -0.100664498275891     
   6.22367875000000        3.55724500000000      -9.549904109550854E-002
   6.22367875000000        3.85351541666667      -9.018113987880848E-002
   6.22367875000000        4.14978583333333      -8.484683790273502E-002
   6.22367875000000        4.44605625000000      -7.966103325426498E-002
   6.22367875000000        4.74232666666667      -7.474833461960848E-002
   6.22367875000000        5.03859708333333      -7.014679273457297E-002
   6.22367875000000        5.33486750000000      -6.581984602865217E-002
   6.22367875000000        5.63113791666667      -6.176428413709564E-002
   6.22367875000000        5.92740833333333      -5.798994732426551E-002
   6.22367875000000        6.22367875000000      -5.452313960735035E-002
   6.22367875000000        6.51994916666667      -5.143327717808394E-002
   6.22367875000000        6.81621958333333      -4.872801081055753E-002
   6.22367875000000        7.11249000000000      -4.612919293731262E-002
   6.51994916666667       2.000000000000000E-003 -0.138622874892666     
   6.51994916666667       0.298270416666667      -0.136643940617151     
   6.51994916666667       0.594540833333333      -0.133001250006259     
   6.51994916666667       0.890811250000000      -0.128840427511576     
   6.51994916666667        1.18708166666667      -0.124342810104982     
   6.51994916666667        1.48335208333333      -0.119797223624087     
   6.51994916666667        1.77962250000000      -0.115336133889020     
   6.51994916666667        2.07589291666667      -0.110965963659691     
   6.51994916666667        2.37216333333333      -0.106665154671745     
   6.51994916666667        2.66843375000000      -0.102403372969050     
   6.51994916666667        2.96470416666667      -9.812320981807170E-002
   6.51994916666667        3.26097458333333      -9.374534949466339E-002
   6.51994916666667        3.55724500000000      -8.922094492587368E-002
   6.51994916666667        3.85351541666667      -8.456958915757255E-002
   6.51994916666667        4.14978583333333      -7.988182495800986E-002
   6.51994916666667        4.44605625000000      -7.528166332264961E-002
   6.51994916666667        4.74232666666667      -7.087133908563900E-002
   6.51994916666667        5.03859708333333      -6.669014885440000E-002
   6.51994916666667        5.33486750000000      -6.274218250793413E-002
   6.51994916666667        5.63113791666667      -5.902920207035472E-002
   6.51994916666667        5.92740833333333      -5.553021334479133E-002
   6.51994916666667        6.22367875000000      -5.222685948151962E-002
   6.51994916666667        6.51994916666667      -4.919732642941580E-002
   6.51994916666667        6.81621958333333      -4.664738577290770E-002
   6.51994916666667        7.11249000000000      -4.432013403431104E-002
   6.81621958333333       2.000000000000000E-003 -0.129290766694489     
   6.81621958333333       0.298270416666667      -0.126980659144596     
   6.81621958333333       0.594540833333333      -0.123666477663762     
   6.81621958333333       0.890811250000000      -0.119616327723497     
   6.81621958333333        1.18708166666667      -0.115219007277541     
   6.81621958333333        1.48335208333333      -0.110854325485615     
   6.81621958333333        1.77962250000000      -0.106653035555938     
   6.81621958333333        2.07589291666667      -0.102633798758795     
   6.81621958333333        2.37216333333333      -9.876801774792936E-002
   6.81621958333333        2.66843375000000      -9.499128773143677E-002
   6.81621958333333        2.96470416666667      -9.124379617286789E-002
   6.81621958333333        3.26097458333333      -8.743860519558962E-002
   6.81621958333333        3.55724500000000      -8.350433382342452E-002
   6.81621958333333        3.85351541666667      -7.942810838559068E-002
   6.81621958333333        4.14978583333333      -7.526942333055321E-002
   6.81621958333333        4.44605625000000      -7.113174122809748E-002
   6.81621958333333        4.74232666666667      -6.711521135211709E-002
   6.81621958333333        5.03859708333333      -6.328436947444442E-002
   6.81621958333333        5.33486750000000      -5.968381163654275E-002
   6.81621958333333        5.63113791666667      -5.632196225145909E-002
   6.81621958333333        5.92740833333333      -5.315960590629476E-002
   6.81621958333333        6.22367875000000      -5.011603108454406E-002
   6.81621958333333        6.51994916666667      -4.715550814881063E-002
   6.81621958333333        6.81621958333333      -4.450409543572345E-002
   6.81621958333333        7.11249000000000      -4.241489638507104E-002
   7.11249000000000       2.000000000000000E-003 -0.117704671208762     
   7.11249000000000       0.298270416666667      -0.117867003571274     
   7.11249000000000       0.594540833333333      -0.114803383849708     
   7.11249000000000       0.890811250000000      -0.110699022852969     
   7.11249000000000        1.18708166666667      -0.106481926127244     
   7.11249000000000        1.48335208333333      -0.102384948230868     
   7.11249000000000        1.77962250000000      -9.850261584686792E-002
   7.11249000000000        2.07589291666667      -9.486805812845536E-002
   7.11249000000000        2.37216333333333      -9.146721654104055E-002
   7.11249000000000        2.66843375000000      -8.818246090497185E-002
   7.11249000000000        2.96470416666667      -8.493894439908352E-002
   7.11249000000000        3.26097458333333      -8.163804594894326E-002
   7.11249000000000        3.55724500000000      -7.819169613041869E-002
   7.11249000000000        3.85351541666667      -7.456884483082390E-002
   7.11249000000000        4.14978583333333      -7.081627035202155E-002
   7.11249000000000        4.44605625000000      -6.703432854402788E-002
   7.11249000000000        4.74232666666667      -6.333313803175000E-002
   7.11249000000000        5.03859708333333      -5.980434416718378E-002
   7.11249000000000        5.33486750000000      -5.652220359570298E-002
   7.11249000000000        5.63113791666667      -5.350040853435273E-002
   7.11249000000000        5.92740833333333      -5.070646381124956E-002
   7.11249000000000        6.22367875000000      -4.807189194762818E-002
   7.11249000000000        6.51994916666667      -4.553992825840329E-002
   7.11249000000000        6.81621958333333      -4.300851862330023E-002
   7.11249000000000        7.11249000000000      -4.004977465992202E-002
