  2.000000000000000E-003  2.000000000000000E-003  -2.04232838751650     
  2.000000000000000E-003  0.298270416666667       -1.89696730944643     
  2.000000000000000E-003  0.594540833333333       -1.63264023984191     
  2.000000000000000E-003  0.890811250000000       -1.26386022061131     
  2.000000000000000E-003   1.18708166666667      -0.952455280880330     
  2.000000000000000E-003   1.48335208333333      -0.730041955302582     
  2.000000000000000E-003   1.77962250000000      -0.574390188803459     
  2.000000000000000E-003   2.07589291666667      -0.463372964330308     
  2.000000000000000E-003   2.37216333333333      -0.382532965111440     
  2.000000000000000E-003   2.66843375000000      -0.322455308497728     
  2.000000000000000E-003   2.96470416666667      -0.277189332193100     
  2.000000000000000E-003   3.26097458333333      -0.242345675115131     
  2.000000000000000E-003   3.55724500000000      -0.214605599738617     
  2.000000000000000E-003   3.85351541666667      -0.191674011601537     
  2.000000000000000E-003   4.14978583333333      -0.172171131842523     
  2.000000000000000E-003   4.44605625000000      -0.155376591799179     
  2.000000000000000E-003   4.74232666666667      -0.140907386686498     
  2.000000000000000E-003   5.03859708333333      -0.128464270034738     
  2.000000000000000E-003   5.33486750000000      -0.117704933418036     
  2.000000000000000E-003   5.63113791666667      -0.108344543033239     
  2.000000000000000E-003   5.92740833333333      -0.100101757540530     
  2.000000000000000E-003   6.22367875000000      -9.267351851846969E-002
  2.000000000000000E-003   6.51994916666667      -8.573918517485304E-002
  2.000000000000000E-003   6.81621958333333      -7.876254858900567E-002
  2.000000000000000E-003   7.11249000000000      -7.115613750309296E-002
  0.298270416666667       2.000000000000000E-003  -1.89696714005912     
  0.298270416666667       0.298270416666667       -1.79958508073885     
  0.298270416666667       0.594540833333333       -1.53795710504521     
  0.298270416666667       0.890811250000000       -1.20252523833335     
  0.298270416666667        1.18708166666667      -0.918489953989203     
  0.298270416666667        1.48335208333333      -0.711050569444346     
  0.298270416666667        1.77962250000000      -0.563185443701499     
  0.298270416666667        2.07589291666667      -0.456378870330929     
  0.298270416666667        2.37216333333333      -0.377907910441905     
  0.298270416666667        2.66843375000000      -0.319272329384725     
  0.298270416666667        2.96470416666667      -0.274924522903866     
  0.298270416666667        3.26097458333333      -0.240676850764598     
  0.298270416666667        3.55724500000000      -0.213332503727576     
  0.298270416666667        3.85351541666667      -0.190673064991519     
  0.298270416666667        4.14978583333333      -0.171366483285823     
  0.298270416666667        4.44605625000000      -0.154718485902830     
  0.298270416666667        4.74232666666667      -0.140358214802364     
  0.298270416666667        5.03859708333333      -0.127993497723306     
  0.298270416666667        5.33486750000000      -0.117290193097641     
  0.298270416666667        5.63113791666667      -0.107964336003217     
  0.298270416666667        5.92740833333333      -9.974512145324411E-002
  0.298270416666667        6.22367875000000      -9.233777870340634E-002
  0.298270416666667        6.51994916666667      -8.537743751719568E-002
  0.298270416666667        6.81621958333333      -7.813823282194884E-002
  0.298270416666667        7.11249000000000      -7.056080527750147E-002
  0.594540833333333       2.000000000000000E-003  -1.63264015386853     
  0.594540833333333       0.298270416666667       -1.53795703274728     
  0.594540833333333       0.594540833333333       -1.31216317691305     
  0.594540833333333       0.890811250000000       -1.05487812157854     
  0.594540833333333        1.18708166666667      -0.832283532426229     
  0.594540833333333        1.48335208333333      -0.660718651703135     
  0.594540833333333        1.77962250000000      -0.532579092788929     
  0.594540833333333        2.07589291666667      -0.436839430128155     
  0.594540833333333        2.37216333333333      -0.364851176799021     
  0.594540833333333        2.66843375000000      -0.310231967656445     
  0.594540833333333        2.96470416666667      -0.268468182881132     
  0.594540833333333        3.26097458333333      -0.235907133123724     
  0.594540833333333        3.55724500000000      -0.209687127330996     
  0.594540833333333        3.85351541666667      -0.187804791882452     
  0.594540833333333        4.14978583333333      -0.169059752270449     
  0.594540833333333        4.44605625000000      -0.152829637513948     
  0.594540833333333        4.74232666666667      -0.138778379930985     
  0.594540833333333        5.03859708333333      -0.126632322130281     
  0.594540833333333        5.33486750000000      -0.116080443427879     
  0.594540833333333        5.63113791666667      -0.106840646143692     
  0.594540833333333        5.92740833333333      -9.864943422451199E-002
  0.594540833333333        6.22367875000000      -9.118223971959240E-002
  0.594540833333333        6.51994916666667      -8.392437481116406E-002
  0.594540833333333        6.81621958333333      -7.617759216495663E-002
  0.594540833333333        7.11249000000000      -6.891236397234407E-002
  0.890811250000000       2.000000000000000E-003  -1.26386042616475     
  0.890811250000000       0.298270416666667       -1.20252538814198     
  0.890811250000000       0.594540833333333       -1.05487823419738     
  0.890811250000000       0.890811250000000      -0.882234848600606     
  0.890811250000000        1.18708166666667      -0.723924388659841     
  0.890811250000000        1.48335208333333      -0.593096474610692     
  0.890811250000000        1.77962250000000      -0.489346357503574     
  0.890811250000000        2.07589291666667      -0.408325529940058     
  0.890811250000000        2.37216333333333      -0.345386470949893     
  0.890811250000000        2.66843375000000      -0.296620241406684     
  0.890811250000000        2.96470416666667      -0.258691218288213     
  0.890811250000000        3.26097458333333      -0.228659101556602     
  0.890811250000000        3.55724500000000      -0.204135809515755     
  0.890811250000000        3.85351541666667      -0.183431245552453     
  0.890811250000000        4.14978583333333      -0.165537530052078     
  0.890811250000000        4.44605625000000      -0.149937947405342     
  0.890811250000000        4.74232666666667      -0.136349941023265     
  0.890811250000000        5.03859708333333      -0.124530276177243     
  0.890811250000000        5.33486750000000      -0.114201734758409     
  0.890811250000000        5.63113791666667      -0.105089043473055     
  0.890811250000000        5.92740833333333      -9.693373787291303E-002
  0.890811250000000        6.22367875000000      -8.941830803499470E-002
  0.890811250000000        6.51994916666667      -8.212176715910532E-002
  0.890811250000000        6.81621958333333      -7.480809805613226E-002
  0.890811250000000        7.11249000000000      -6.826424721824348E-002
   1.18708166666667       2.000000000000000E-003 -0.952455713396608     
   1.18708166666667       0.298270416666667      -0.918490334621008     
   1.18708166666667       0.594540833333333      -0.832283820761909     
   1.18708166666667       0.890811250000000      -0.723924540297891     
   1.18708166666667        1.18708166666667      -0.616540299015119     
   1.18708166666667        1.48335208333333      -0.521087192082332     
   1.18708166666667        1.77962250000000      -0.440681316259962     
   1.18708166666667        2.07589291666667      -0.374917042480665     
   1.18708166666667        2.37216333333333      -0.322054492157510     
   1.18708166666667        2.66843375000000      -0.280053674479246     
   1.18708166666667        2.96470416666667      -0.246660274172414     
   1.18708166666667        3.26097458333333      -0.219674581682810     
   1.18708166666667        3.55724500000000      -0.197228448744678     
   1.18708166666667        3.85351541666667      -0.177981629979578     
   1.18708166666667        4.14978583333333      -0.161144198474703     
   1.18708166666667        4.44605625000000      -0.146322656547528     
   1.18708166666667        4.74232666666667      -0.133300682299387     
   1.18708166666667        5.03859708333333      -0.121878602036776     
   1.18708166666667        5.33486750000000      -0.111820111950897     
   1.18708166666667        5.63113791666667      -0.102881506723256     
   1.18708166666667        5.92740833333333      -9.483100843871416E-002
   1.18708166666667        6.22367875000000      -8.741576108388811E-002
   1.18708166666667        6.51994916666667      -8.038264919089380E-002
   1.18708166666667        6.81621958333333      -7.368016668203410E-002
   1.18708166666667        7.11249000000000      -6.767172300414762E-002
   1.48335208333333       2.000000000000000E-003 -0.730042448092944     
   1.48335208333333       0.298270416666667      -0.711051037748321     
   1.48335208333333       0.594540833333333      -0.660719035070869     
   1.48335208333333       0.890811250000000      -0.593096733983636     
   1.48335208333333        1.18708166666667      -0.521087314888929     
   1.48335208333333        1.48335208333333      -0.452802851765554     
   1.48335208333333        1.77962250000000      -0.392086112614080     
   1.48335208333333        2.07589291666667      -0.340232419286867     
   1.48335208333333        2.37216333333333      -0.297160462336755     
   1.48335208333333        2.66843375000000      -0.261952536025298     
   1.48335208333333        2.96470416666667      -0.233243318623640     
   1.48335208333333        3.26097458333333      -0.209560913192901     
   1.48335208333333        3.55724500000000      -0.189420736880411     
   1.48335208333333        3.85351541666667      -0.171820256188408     
   1.48335208333333        4.14978583333333      -0.156170770626059     
   1.48335208333333        4.44605625000000      -0.142227574723894     
   1.48335208333333        4.74232666666667      -0.129837269453506     
   1.48335208333333        5.03859708333333      -0.118854362416947     
   1.48335208333333        5.33486750000000      -0.109099409098059     
   1.48335208333333        5.63113791666667      -0.100380488465606     
   1.48335208333333        5.92740833333333      -9.251229348020257E-002
   1.48335208333333        6.22367875000000      -8.531484122101141E-002
   1.48335208333333        6.51994916666667      -7.862767079740721E-002
   1.48335208333333        6.81621958333333      -7.240240225117338E-002
   1.48335208333333        7.11249000000000      -6.675133440702960E-002
   1.77962250000000       2.000000000000000E-003 -0.574390581795125     
   1.77962250000000       0.298270416666667      -0.563185847891315     
   1.77962250000000       0.594540833333333      -0.532579460263369     
   1.77962250000000       0.890811250000000      -0.489346653503984     
   1.77962250000000        1.18708166666667      -0.440681520900493     
   1.77962250000000        1.48335208333333      -0.392086218936051     
   1.77962250000000        1.77962250000000      -0.346880374817985     
   1.77962250000000        2.07589291666667      -0.306778786391681     
   1.77962250000000        2.37216333333333      -0.272299347694856     
   1.77962250000000        2.66843375000000      -0.243471303396488     
   1.77962250000000        2.96470416666667      -0.219460645822832     
   1.77962250000000        3.26097458333333      -0.199093622826014     
   1.77962250000000        3.55724500000000      -0.181315745785391     
   1.77962250000000        3.85351541666667      -0.165380225634072     
   1.77962250000000        4.14978583333333      -0.150943386612305     
   1.77962250000000        4.44605625000000      -0.137871655812361     
   1.77962250000000        4.74232666666667      -0.126115678511238     
   1.77962250000000        5.03859708333333      -0.115592003226826     
   1.77962250000000        5.33486750000000      -0.106159583406009     
   1.77962250000000        5.63113791666667      -9.769248834252951E-002
   1.77962250000000        5.92740833333333      -9.006275420375967E-002
   1.77962250000000        6.22367875000000      -8.313857513313566E-002
   1.77962250000000        6.51994916666667      -7.678923577158048E-002
   1.77962250000000        6.81621958333333      -7.093336439956846E-002
   1.77962250000000        7.11249000000000      -6.556153987714655E-002
   2.07589291666667       2.000000000000000E-003 -0.463373205958493     
   2.07589291666667       0.298270416666667      -0.456379155571516     
   2.07589291666667       0.594540833333333      -0.436839743056748     
   2.07589291666667       0.890811250000000      -0.408325846553395     
   2.07589291666667        1.18708166666667      -0.374917327151425     
   2.07589291666667        1.48335208333333      -0.340232633916549     
   2.07589291666667        1.77962250000000      -0.306778900553465     
   2.07589291666667        2.07589291666667      -0.276000591597113     
   2.07589291666667        2.37216333333333      -0.249021356831246     
   2.07589291666667        2.66843375000000      -0.225983421275116     
   2.07589291666667        2.96470416666667      -0.206289552690904     
   2.07589291666667        3.26097458333333      -0.189008552819781     
   2.07589291666667        3.55724500000000      -0.173381949708216     
   2.07589291666667        3.85351541666667      -0.158999235692489     
   2.07589291666667        4.14978583333333      -0.145706214902846     
   2.07589291666667        4.44605625000000      -0.133460748133787     
   2.07589291666667        4.74232666666667      -0.122285269152462     
   2.07589291666667        5.03859708333333      -0.112180635902134     
   2.07589291666667        5.33486750000000      -0.103075154943416     
   2.07589291666667        5.63113791666667      -9.488235732538811E-002
   2.07589291666667        5.92740833333333      -8.752232609023758E-002
   2.07589291666667        6.22367875000000      -8.089253987882736E-002
   2.07589291666667        6.51994916666667      -7.486567067595153E-002
   2.07589291666667        6.81621958333333      -6.932886976557422E-002
   2.07589291666667        7.11249000000000      -6.420553984441496E-002
   2.37216333333333       2.000000000000000E-003 -0.382533173807638     
   2.37216333333333       0.298270416666667      -0.377908174262429     
   2.37216333333333       0.594540833333333      -0.364851510981036     
   2.37216333333333       0.890811250000000      -0.345386854848285     
   2.37216333333333        1.18708166666667      -0.322054876086697     
   2.37216333333333        1.48335208333333      -0.297160788386780     
   2.37216333333333        1.77962250000000      -0.272299573049663     
   2.37216333333333        2.07589291666667      -0.249021459461927     
   2.37216333333333        2.37216333333333      -0.228299808489485     
   2.37216333333333        2.66843375000000      -0.210259622350540     
   2.37216333333333        2.96470416666667      -0.194389927084378     
   2.37216333333333        3.26097458333333      -0.179783539023590     
   2.37216333333333        3.55724500000000      -0.165897303944497     
   2.37216333333333        3.85351541666667      -0.152819918706459     
   2.37216333333333        4.14978583333333      -0.140567204134272     
   2.37216333333333        4.44605625000000      -0.129051164528347     
   2.37216333333333        4.74232666666667      -0.118372541525577     
   2.37216333333333        5.03859708333333      -0.108643733617814     
   2.37216333333333        5.33486750000000      -9.986507488602400E-002
   2.37216333333333        5.63113791666667      -9.197361115716680E-002
   2.37216333333333        5.92740833333333      -8.490725276213790E-002
   2.37216333333333        6.22367875000000      -7.858051663244672E-002
   2.37216333333333        6.51994916666667      -7.286645997598742E-002
   2.37216333333333        6.81621958333333      -6.762460144075252E-002
   2.37216333333333        7.11249000000000      -6.274789254201663E-002
   2.66843375000000       2.000000000000000E-003 -0.322455553906358     
   2.66843375000000       0.298270416666667      -0.319272638201839     
   2.66843375000000       0.594540833333333      -0.310232365780622     
   2.66843375000000       0.890811250000000      -0.296620708372777     
   2.66843375000000        1.18708166666667      -0.280054151759824     
   2.66843375000000        1.48335208333333      -0.261952956794123     
   2.66843375000000        1.77962250000000      -0.243471610634257     
   2.66843375000000        2.07589291666667      -0.225983595972681     
   2.66843375000000        2.37216333333333      -0.210259692676232     
   2.66843375000000        2.66843375000000      -0.196494306968934     
   2.66843375000000        2.96470416666667      -0.184112617182085     
   2.66843375000000        3.26097458333333      -0.171739120985725     
   2.66843375000000        3.55724500000000      -0.158915988828063     
   2.66843375000000        3.85351541666667      -0.146860591607213     
   2.66843375000000        4.14978583333333      -0.135568960990123     
   2.66843375000000        4.44605625000000      -0.124611108921557     
   2.66843375000000        4.74232666666667      -0.114303599047975     
   2.66843375000000        5.03859708333333      -0.104919373266601     
   2.66843375000000        5.33486750000000      -9.648854396458884E-002
   2.66843375000000        5.63113791666667      -8.894548205745363E-002
   2.66843375000000        5.92740833333333      -8.221079862683814E-002
   2.66843375000000        6.22367875000000      -7.619880781720578E-002
   2.66843375000000        6.51994916666667      -7.078403834039942E-002
   2.66843375000000        6.81621958333333      -6.581520998484905E-002
   2.66843375000000        7.11249000000000      -6.117076389258386E-002
   2.96470416666667       2.000000000000000E-003 -0.277189599323382     
   2.96470416666667       0.298270416666667      -0.274924860132920     
   2.96470416666667       0.594540833333333      -0.268468618015340     
   2.96470416666667       0.890811250000000      -0.258691729284524     
   2.96470416666667        1.18708166666667      -0.246660798809459     
   2.96470416666667        1.48335208333333      -0.233243789940384     
   2.96470416666667        1.77962250000000      -0.219460991918174     
   2.96470416666667        2.07589291666667      -0.206289769610080     
   2.96470416666667        2.37216333333333      -0.194390046591265     
   2.96470416666667        2.66843375000000      -0.184112670902656     
   2.96470416666667        2.96470416666667      -0.174996419753889     
   2.96470416666667        3.26097458333333      -0.164824675853645     
   2.96470416666667        3.55724500000000      -0.152368292970965     
   2.96470416666667        3.85351541666667      -0.141227120836549     
   2.96470416666667        4.14978583333333      -0.130655181240425     
   2.96470416666667        4.44605625000000      -0.119929258481146     
   2.96470416666667        4.74232666666667      -0.109916838392058     
   2.96470416666667        5.03859708333333      -0.100924994685319     
   2.96470416666667        5.33486750000000      -9.290047309811307E-002
   2.96470416666667        5.63113791666667      -8.575384894673775E-002
   2.96470416666667        5.92740833333333      -7.939890411460773E-002
   2.96470416666667        6.22367875000000      -7.371785174353745E-002
   2.96470416666667        6.51994916666667      -6.859944886264911E-002
   2.96470416666667        6.81621958333333      -6.389356540248456E-002
   2.96470416666667        7.11249000000000      -5.947669517461823E-002
   3.26097458333333       2.000000000000000E-003 -0.242345893916465     
   3.26097458333333       0.298270416666667      -0.240677143267626     
   3.26097458333333       0.594540833333333      -0.235907527735485     
   3.26097458333333       0.890811250000000      -0.228659577661381     
   3.26097458333333        1.18708166666667      -0.219675079482600     
   3.26097458333333        1.48335208333333      -0.209561365444779     
   3.26097458333333        1.77962250000000      -0.199093962837860     
   3.26097458333333        2.07589291666667      -0.189008789152678     
   3.26097458333333        2.37216333333333      -0.179783702853448     
   3.26097458333333        2.66843375000000      -0.171739235844453     
   3.26097458333333        2.96470416666667      -0.164824757356656     
   3.26097458333333        3.26097458333333      -0.157056247162702     
   3.26097458333333        3.55724500000000      -0.145587205365223     
   3.26097458333333        3.85351541666667      -0.135722060537849     
   3.26097458333333        4.14978583333333      -0.125001268078718     
   3.26097458333333        4.44605625000000      -0.114466646546933     
   3.26097458333333        4.74232666666667      -0.105046708552244     
   3.26097458333333        5.03859708333333      -9.664760944609609E-002
   3.26097458333333        5.33486750000000      -8.911836429292758E-002
   3.26097458333333        5.63113791666667      -8.240052023510457E-002
   3.26097458333333        5.92740833333333      -7.643921049891125E-002
   3.26097458333333        6.22367875000000      -7.109356807613164E-002
   3.26097458333333        6.51994916666667      -6.626571866210264E-002
   3.26097458333333        6.81621958333333      -6.181578065973770E-002
   3.26097458333333        7.11249000000000      -5.762596029310173E-002
   3.55724500000000       2.000000000000000E-003 -0.214605692522731     
   3.55724500000000       0.298270416666667      -0.213332670545973     
   3.55724500000000       0.594540833333333      -0.209687399232975     
   3.55724500000000       0.890811250000000      -0.204136171635524     
   3.55724500000000        1.18708166666667      -0.197228848566381     
   3.55724500000000        1.48335208333333      -0.189421112495706     
   3.55724500000000        1.77962250000000      -0.181316039624985     
   3.55724500000000        2.07589291666667      -0.173382182709048     
   3.55724500000000        2.37216333333333      -0.165897503703571     
   3.55724500000000        2.66843375000000      -0.158916156348815     
   3.55724500000000        2.96470416666667      -0.152368422402327     
   3.55724500000000        3.26097458333333      -0.145587287384535     
   3.55724500000000        3.55724500000000      -0.136568236427629     
   3.55724500000000        3.85351541666667      -0.127933122092872     
   3.55724500000000        4.14978583333333      -0.117313547824926     
   3.55724500000000        4.44605625000000      -0.108091188081098     
   3.55724500000000        4.74232666666667      -9.984270873391611E-002
   3.55724500000000        5.03859708333333      -9.222768841499203E-002
   3.55724500000000        5.33486750000000      -8.523452689339857E-002
   3.55724500000000        5.63113791666667      -7.892336180243562E-002
   3.55724500000000        5.92740833333333      -7.332690068698144E-002
   3.55724500000000        6.22367875000000      -6.829680490946101E-002
   3.55724500000000        6.51994916666667      -6.374346584801180E-002
   3.55724500000000        6.81621958333333      -5.953892010162185E-002
   3.55724500000000        7.11249000000000      -5.557533684798675E-002
   3.85351541666667       2.000000000000000E-003 -0.191673942413445     
   3.85351541666667       0.298270416666667      -0.190673067328900     
   3.85351541666667       0.594540833333333      -0.187804901221125     
   3.85351541666667       0.890811250000000      -0.183431455225629     
   3.85351541666667        1.18708166666667      -0.177981896576078     
   3.85351541666667        1.48335208333333      -0.171820523806601     
   3.85351541666667        1.77962250000000      -0.165380447242169     
   3.85351541666667        2.07589291666667      -0.158999436339650     
   3.85351541666667        2.37216333333333      -0.152820121921735     
   3.85351541666667        2.66843375000000      -0.146860768645708     
   3.85351541666667        2.96470416666667      -0.141227196383007     
   3.85351541666667        3.26097458333333      -0.135722011913979     
   3.85351541666667        3.55724500000000      -0.127933004832711     
   3.85351541666667        3.85351541666667      -0.118770890527079     
   3.85351541666667        4.14978583333333      -0.109452511291374     
   3.85351541666667        4.44605625000000      -0.101870661866805     
   3.85351541666667        4.74232666666667      -9.475553916180381E-002
   3.85351541666667        5.03859708333333      -8.785217280136766E-002
   3.85351541666667        5.33486750000000      -8.132942017296692E-002
   3.85351541666667        5.63113791666667      -7.537410685969863E-002
   3.85351541666667        5.92740833333333      -7.008034369135158E-002
   3.85351541666667        6.22367875000000      -6.532958908927551E-002
   3.85351541666667        6.51994916666667      -6.102709906466772E-002
   3.85351541666667        6.81621958333333      -5.705371278975090E-002
   3.85351541666667        7.11249000000000      -5.331345150587746E-002
   4.14978583333333       2.000000000000000E-003 -0.172170931648193     
   4.14978583333333       0.298270416666667      -0.171366349056788     
   4.14978583333333       0.594540833333333      -0.169059722860305     
   4.14978583333333       0.890811250000000      -0.165537606876312     
   4.14978583333333        1.18708166666667      -0.161144347055340     
   4.14978583333333        1.48335208333333      -0.156170940014394     
   4.14978583333333        1.77962250000000      -0.150943531157326     
   4.14978583333333        2.07589291666667      -0.145706356099478     
   4.14978583333333        2.37216333333333      -0.140567363307966     
   4.14978583333333        2.66843375000000      -0.135569103930052     
   4.14978583333333        2.96470416666667      -0.130655218466879     
   4.14978583333333        3.26097458333333      -0.125001137915608     
   4.14978583333333        3.55724500000000      -0.117313319259269     
   4.14978583333333        3.85351541666667      -0.109452363250885     
   4.14978583333333        4.14978583333333      -0.102602198649096     
   4.14978583333333        4.44605625000000      -9.625870088215972E-002
   4.14978583333333        4.74232666666667      -8.989658575223089E-002
   4.14978583333333        5.03859708333333      -8.352810309743768E-002
   4.14978583333333        5.33486750000000      -7.739901598487205E-002
   4.14978583333333        5.63113791666667      -7.175004694388205E-002
   4.14978583333333        5.92740833333333      -6.672108421471036E-002
   4.14978583333333        6.22367875000000      -6.222125447229356E-002
   4.14978583333333        6.51994916666667      -5.814756501626216E-002
   4.14978583333333        6.81621958333333      -5.439136938567886E-002
   4.14978583333333        7.11249000000000      -5.087019655471770E-002
   4.44605625000000       2.000000000000000E-003 -0.155376342089771     
   4.44605625000000       0.298270416666667      -0.154718294124271     
   4.44605625000000       0.594540833333333      -0.152829541740458     
   4.44605625000000       0.890811250000000      -0.149937954510795     
   4.44605625000000        1.18708166666667      -0.146322739942853     
   4.44605625000000        1.48335208333333      -0.142227685268067     
   4.44605625000000        1.77962250000000      -0.137871744588790     
   4.44605625000000        2.07589291666667      -0.133460823802898     
   4.44605625000000        2.37216333333333      -0.129051248771607     
   4.44605625000000        2.66843375000000      -0.124611182953175     
   4.44605625000000        2.96470416666667      -0.119929264346740     
   4.44605625000000        3.26097458333333      -0.114466538651471     
   4.44605625000000        3.55724500000000      -0.108091000554744     
   4.44605625000000        3.85351541666667      -0.101870497588726     
   4.44605625000000        4.14978583333333      -9.625862616219838E-002
   4.44605625000000        4.44605625000000      -9.072361664332518E-002
   4.44605625000000        4.74232666666667      -8.496403306882183E-002
   4.44605625000000        5.03859708333333      -7.908933906305930E-002
   4.44605625000000        5.33486750000000      -7.335174731576131E-002
   4.44605625000000        5.63113791666667      -6.802355254284925E-002
   4.44605625000000        5.92740833333333      -6.326884943856736E-002
   4.44605625000000        6.22367875000000      -5.901116642324181E-002
   4.44605625000000        6.51994916666667      -5.515182972841985E-002
   4.44605625000000        6.81621958333333      -5.160289904452484E-002
   4.44605625000000        7.11249000000000      -4.829719279863932E-002
   4.74232666666667       2.000000000000000E-003 -0.140907176437821     
   4.74232666666667       0.298270416666667      -0.140358053502099     
   4.74232666666667       0.594540833333333      -0.138778298810334     
   4.74232666666667       0.890811250000000      -0.136349948399948     
   4.74232666666667        1.18708166666667      -0.133300758547519     
   4.74232666666667        1.48335208333333      -0.129837371165346     
   4.74232666666667        1.77962250000000      -0.126115749977499     
   4.74232666666667        2.07589291666667      -0.122285299772187     
   4.74232666666667        2.37216333333333      -0.118372555920244     
   4.74232666666667        2.66843375000000      -0.114303600128661     
   4.74232666666667        2.96470416666667      -0.109916802878009     
   4.74232666666667        3.26097458333333      -0.105046615413042     
   4.74232666666667        3.55724500000000      -9.984257329795322E-002
   4.74232666666667        3.85351541666667      -9.475541145798297E-002
   4.74232666666667        4.14978583333333      -8.989650888160305E-002
   4.74232666666667        4.44605625000000      -8.496400961051694E-002
   4.74232666666667        4.74232666666667      -7.977648915326616E-002
   4.74232666666667        5.03859708333333      -7.442103590228485E-002
   4.74232666666667        5.33486750000000      -6.912528900505172E-002
   4.74232666666667        5.63113791666667      -6.418832203251754E-002
   4.74232666666667        5.92740833333333      -5.974562149252403E-002
   4.74232666666667        6.22367875000000      -5.572743126963465E-002
   4.74232666666667        6.51994916666667      -5.207262576530216E-002
   4.74232666666667        6.81621958333333      -4.872594819038157E-002
   4.74232666666667        7.11249000000000      -4.563581612733206E-002
   5.03859708333333       2.000000000000000E-003 -0.128464154862401     
   5.03859708333333       0.298270416666667      -0.127993423919035     
   5.03859708333333       0.594540833333333      -0.126632307455828     
   5.03859708333333       0.890811250000000      -0.124530324864307     
   5.03859708333333        1.18708166666667      -0.121878702905026     
   5.03859708333333        1.48335208333333      -0.118854482403472     
   5.03859708333333        1.77962250000000      -0.115592094406733     
   5.03859708333333        2.07589291666667      -0.112180658197336     
   5.03859708333333        2.37216333333333      -0.108643709014979     
   5.03859708333333        2.66843375000000      -0.104919328522272     
   5.03859708333333        2.96470416666667      -0.100924936934599     
   5.03859708333333        3.26097458333333      -9.664753745029751E-002
   5.03859708333333        3.55724500000000      -9.222761057699391E-002
   5.03859708333333        3.85351541666667      -8.785210965170190E-002
   5.03859708333333        4.14978583333333      -8.352807188387146E-002
   5.03859708333333        4.44605625000000      -7.908933735582561E-002
   5.03859708333333        4.74232666666667      -7.442104427084845E-002
   5.03859708333333        5.03859708333333      -6.958166287287469E-002
   5.03859708333333        5.33486750000000      -6.478312707318556E-002
   5.03859708333333        5.63113791666667      -6.030198662709126E-002
   5.03859708333333        5.92740833333333      -5.616571979874493E-002
   5.03859708333333        6.22367875000000      -5.236596990593649E-002
   5.03859708333333        6.51994916666667      -4.889986634507525E-002
   5.03859708333333        6.81621958333333      -4.575915106603960E-002
   5.03859708333333        7.11249000000000      -4.289293015831135E-002
   5.33486750000000       2.000000000000000E-003 -0.117704889123114     
   5.33486750000000       0.298270416666667      -0.117290188499165     
   5.33486750000000       0.594540833333333      -0.116080484473475     
   5.33486750000000       0.890811250000000      -0.114201818127526     
   5.33486750000000        1.18708166666667      -0.111820229393868     
   5.33486750000000        1.48335208333333      -0.109099542094982     
   5.33486750000000        1.77962250000000      -0.106159695324234     
   5.33486750000000        2.07589291666667      -0.103075208362000     
   5.33486750000000        2.37216333333333      -9.986505503199047E-002
   5.33486750000000        2.66843375000000      -9.648848970094244E-002
   5.33486750000000        2.96470416666667      -9.290041858830457E-002
   5.33486750000000        3.26097458333333      -8.911832567842955E-002
   5.33486750000000        3.55724500000000      -8.523450993447779E-002
   5.33486750000000        3.85351541666667      -8.132942637057225E-002
   5.33486750000000        4.14978583333333      -7.739904118974476E-002
   5.33486750000000        4.44605625000000      -7.335178028484866E-002
   5.33486750000000        4.74232666666667      -6.912531582898278E-002
   5.33486750000000        5.03859708333333      -6.478314054525253E-002
   5.33486750000000        5.33486750000000      -6.051872759569753E-002
   5.33486750000000        5.63113791666667      -5.641740851363599E-002
   5.33486750000000        5.92740833333333      -5.252248250051869E-002
   5.33486750000000        6.22367875000000      -4.891955764472151E-002
   5.33486750000000        6.51994916666667      -4.564577301765236E-002
   5.33486750000000        6.81621958333333      -4.270149893184663E-002
   5.33486750000000        7.11249000000000      -4.004990952233197E-002
   5.63113791666667       2.000000000000000E-003 -0.108344513873649     
   5.63113791666667       0.298270416666667      -0.107964348287279     
   5.63113791666667       0.594540833333333      -0.106840701866566     
   5.63113791666667       0.890811250000000      -0.105089130371295     
   5.63113791666667        1.18708166666667      -0.102881614011194     
   5.63113791666667        1.48335208333333      -0.100380609489602     
   5.63113791666667        1.77962250000000      -9.769260516070133E-002
   5.63113791666667        2.07589291666667      -9.488243727020798E-002
   5.63113791666667        2.37216333333333      -9.197363882740071E-002
   5.63113791666667        2.66843375000000      -8.894546775373878E-002
   5.63113791666667        2.96470416666667      -8.575382255738979E-002
   5.63113791666667        3.26097458333333      -8.240051515763296E-002
   5.63113791666667        3.55724500000000      -7.892338726002002E-002
   5.63113791666667        3.85351541666667      -7.537415649597108E-002
   5.63113791666667        4.14978583333333      -7.175010643546333E-002
   5.63113791666667        4.44605625000000      -6.802360821888634E-002
   5.63113791666667        4.74232666666667      -6.418836476138087E-002
   5.63113791666667        5.03859708333333      -6.030201194150628E-002
   5.63113791666667        5.33486750000000      -5.641741653747560E-002
   5.63113791666667        5.63113791666667      -5.257552939868194E-002
   5.63113791666667        5.92740833333333      -4.888866303116469E-002
   5.63113791666667        6.22367875000000      -4.543639461287231E-002
   5.63113791666667        6.51994916666667      -4.228616268724653E-002
   5.63113791666667        6.81621958333333      -3.947691546403983E-002
   5.63113791666667        7.11249000000000      -3.699750868890079E-002
   5.92740833333333       2.000000000000000E-003 -0.100101725560398     
   5.92740833333333       0.298270416666667      -9.974513020795296E-002
   5.92740833333333       0.594540833333333      -9.864948603914894E-002
   5.92740833333333       0.890811250000000      -9.693381517397023E-002
   5.92740833333333        1.18708166666667      -9.483109960481613E-002
   5.92740833333333        1.48335208333333      -9.251239741702379E-002
   5.92740833333333        1.77962250000000      -9.006286633019399E-002
   5.92740833333333        2.07589291666667      -8.752242419281279E-002
   5.92740833333333        2.37216333333333      -8.490732042754803E-002
   5.92740833333333        2.66843375000000      -8.221084188175916E-002
   5.92740833333333        2.96470416666667      -7.939894197001669E-002
   5.92740833333333        3.26097458333333      -7.643926142650070E-002
   5.92740833333333        3.55724500000000      -7.332697192667847E-002
   5.92740833333333        3.85351541666667      -7.008042921009981E-002
   5.92740833333333        4.14978583333333      -6.672117092168919E-002
   5.92740833333333        4.44605625000000      -6.326892491168241E-002
   5.92740833333333        4.74232666666667      -5.974567758907591E-002
   5.92740833333333        5.03859708333333      -5.616575163589198E-002
   5.92740833333333        5.33486750000000      -5.252248619751086E-002
   5.92740833333333        5.63113791666667      -4.888864880220528E-002
   5.92740833333333        5.92740833333333      -4.532981405688555E-002
   5.92740833333333        6.22367875000000      -4.190785627277202E-002
   5.92740833333333        6.51994916666667      -3.872897540483056E-002
   5.92740833333333        6.81621958333333      -3.591522172545350E-002
   5.92740833333333        7.11249000000000      -3.352339552373144E-002
   6.22367875000000       2.000000000000000E-003 -9.267350432241102E-002
   6.22367875000000       0.298270416666667      -9.233779484524042E-002
   6.22367875000000       0.594540833333333      -9.118228868170361E-002
   6.22367875000000       0.890811250000000      -8.941837649556733E-002
   6.22367875000000        1.18708166666667      -8.741584449117884E-002
   6.22367875000000        1.48335208333333      -8.531494480472247E-002
   6.22367875000000        1.77962250000000      -8.313869690952874E-002
   6.22367875000000        2.07589291666667      -8.089265925109254E-002
   6.22367875000000        2.37216333333333      -7.858061912702410E-002
   6.22367875000000        2.66843375000000      -7.619889894160425E-002
   6.22367875000000        2.96470416666667      -7.371794438315848E-002
   6.22367875000000        3.26097458333333      -7.109367207829825E-002
   6.22367875000000        3.55724500000000      -6.829692057334587E-002
   6.22367875000000        3.85351541666667      -6.532970734223420E-002
   6.22367875000000        4.14978583333333      -6.222136280562550E-002
   6.22367875000000        4.44605625000000      -5.901125504675897E-002
   6.22367875000000        4.74232666666667      -5.572749477398052E-002
   6.22367875000000        5.03859708333333      -5.236600323049898E-002
   6.22367875000000        5.33486750000000      -4.891954726525825E-002
   6.22367875000000        5.63113791666667      -4.543636108823198E-002
   6.22367875000000        5.92740833333333      -4.190783654925644E-002
   6.22367875000000        6.22367875000000      -3.835111167068392E-002
   6.22367875000000        6.51994916666667      -3.489851954200959E-002
   6.22367875000000        6.81621958333333      -3.182638961463483E-002
   6.22367875000000        7.11249000000000      -2.937147499950095E-002
   6.51994916666667       2.000000000000000E-003 -8.573920401623494E-002
   6.51994916666667       0.298270416666667      -8.537745304345383E-002
   6.51994916666667       0.594540833333333      -8.392440103581997E-002
   6.51994916666667       0.890811250000000      -8.212182202550634E-002
   6.51994916666667        1.18708166666667      -8.038273146824344E-002
   6.51994916666667        1.48335208333333      -7.862778991762612E-002
   6.51994916666667        1.77962250000000      -7.678938729202003E-002
   6.51994916666667        2.07589291666667      -7.486582341782506E-002
   6.51994916666667        2.37216333333333      -7.286659344387335E-002
   6.51994916666667        2.66843375000000      -7.078416471263556E-002
   6.51994916666667        2.96470416666667      -6.859957938111916E-002
   6.51994916666667        3.26097458333333      -6.626585790892961E-002
   6.51994916666667        3.55724500000000      -6.374360914712998E-002
   6.51994916666667        3.85351541666667      -6.102723510811044E-002
   6.51994916666667        4.14978583333333      -5.814768245190799E-002
   6.51994916666667        4.44605625000000      -5.515192222718525E-002
   6.51994916666667        4.74232666666667      -5.207269196299790E-002
   6.51994916666667        5.03859708333333      -4.889990330835866E-002
   6.51994916666667        5.33486750000000      -4.564576348320276E-002
   6.51994916666667        5.63113791666667      -4.228613919272563E-002
   6.51994916666667        5.92740833333333      -3.872896823559470E-002
   6.51994916666667        6.22367875000000      -3.489852988663217E-002
   6.51994916666667        6.51994916666667      -3.091326993056358E-002
   6.51994916666667        6.81621958333333      -2.732370159365725E-002
   6.51994916666667        7.11249000000000      -2.471202572173507E-002
   6.81621958333333       2.000000000000000E-003 -7.876264209420009E-002
   6.81621958333333       0.298270416666667      -7.813823718060665E-002
   6.81621958333333       0.594540833333333      -7.617760151276659E-002
   6.81621958333333       0.890811250000000      -7.480815524709333E-002
   6.81621958333333        1.18708166666667      -7.368025676236872E-002
   6.81621958333333        1.48335208333333      -7.240254290182065E-002
   6.81621958333333        1.77962250000000      -7.093355218444339E-002
   6.81621958333333        2.07589291666667      -6.932905875396926E-002
   6.81621958333333        2.37216333333333      -6.762475941581191E-002
   6.81621958333333        2.66843375000000      -6.581535698988260E-002
   6.81621958333333        2.96470416666667      -6.389371463961650E-002
   6.81621958333333        3.26097458333333      -6.181593495466758E-002
   6.81621958333333        3.55724500000000      -5.953907275372505E-002
   6.81621958333333        3.85351541666667      -5.705385204621678E-002
   6.81621958333333        4.14978583333333      -5.439148587608679E-002
   6.81621958333333        4.44605625000000      -5.160299000643839E-002
   6.81621958333333        4.74232666666667      -4.872601681845597E-002
   6.81621958333333        5.03859708333333      -4.575919847763356E-002
   6.81621958333333        5.33486750000000      -4.270151712454713E-002
   6.81621958333333        5.63113791666667      -3.947694095896659E-002
   6.81621958333333        5.92740833333333      -3.591527299962624E-002
   6.81621958333333        6.22367875000000      -3.182646009736627E-002
   6.81621958333333        6.51994916666667      -2.732377333768642E-002
   6.81621958333333        6.81621958333333      -2.328960823812262E-002
   6.81621958333333        7.11249000000000      -2.068363389436721E-002
   7.11249000000000       2.000000000000000E-003 -7.115615330758807E-002
   7.11249000000000       0.298270416666667      -7.056094453065177E-002
   7.11249000000000       0.594540833333333      -6.891250687682818E-002
   7.11249000000000       0.890811250000000      -6.826436647884571E-002
   7.11249000000000        1.18708166666667      -6.767183718684482E-002
   7.11249000000000        1.48335208333333      -6.675149419066040E-002
   7.11249000000000        1.77962250000000      -6.556175202937524E-002
   7.11249000000000        2.07589291666667      -6.420575253054685E-002
   7.11249000000000        2.37216333333333      -6.274806315237040E-002
   7.11249000000000        2.66843375000000      -6.117091782123340E-002
   7.11249000000000        2.96470416666667      -5.947684774339286E-002
   7.11249000000000        3.26097458333333      -5.762611464912193E-002
   7.11249000000000        3.55724500000000      -5.557548685193456E-002
   7.11249000000000        3.85351541666667      -5.331358672945104E-002
   7.11249000000000        4.14978583333333      -5.087030977142897E-002
   7.11249000000000        4.44605625000000      -4.829728343364373E-002
   7.11249000000000        4.74232666666667      -4.563588982316106E-002
   7.11249000000000        5.03859708333333      -4.289299341123953E-002
   7.11249000000000        5.33486750000000      -4.004996580297342E-002
   7.11249000000000        5.63113791666667      -3.699759348262335E-002
   7.11249000000000        5.92740833333333      -3.352351688258533E-002
   7.11249000000000        6.22367875000000      -2.937161760916234E-002
   7.11249000000000        6.51994916666667      -2.471217431206671E-002
   7.11249000000000        6.81621958333333      -2.068372104033243E-002
   7.11249000000000        7.11249000000000      -1.705363711854724E-002
