  2.000000000000000E-003  2.000000000000000E-003 -0.136568236427630     
  2.000000000000000E-003  0.298270416666667      -0.145596468081578     
  2.000000000000000E-003  0.594540833333333      -0.152370954448576     
  2.000000000000000E-003  0.890811250000000      -0.158913968766348     
  2.000000000000000E-003   1.18708166666667      -0.165894993270110     
  2.000000000000000E-003   1.48335208333333      -0.173385220467428     
  2.000000000000000E-003   1.77962250000000      -0.181327922622756     
  2.000000000000000E-003   2.07589291666667      -0.189444167374430     
  2.000000000000000E-003   2.37216333333333      -0.197259715860442     
  2.000000000000000E-003   2.66843375000000      -0.204173111173230     
  2.000000000000000E-003   2.96470416666667      -0.209727859882904     
  2.000000000000000E-003   3.26097458333333      -0.213372928641558     
  2.000000000000000E-003   3.55724500000000      -0.214642516838331     
  2.000000000000000E-003   3.85351541666667      -0.213355910426414     
  2.000000000000000E-003   4.14978583333333      -0.209695257178204     
  2.000000000000000E-003   4.44605625000000      -0.204127355476004     
  2.000000000000000E-003   4.74232666666667      -0.197203735234871     
  2.000000000000000E-003   5.03859708333333      -0.189381822610570     
  2.000000000000000E-003   5.33486750000000      -0.181261397381793     
  2.000000000000000E-003   5.63113791666667      -0.173315231523920     
  2.000000000000000E-003   5.92740833333333      -0.165821189343539     
  2.000000000000000E-003   6.22367875000000      -0.158833928105293     
  2.000000000000000E-003   6.51994916666667      -0.152264741150509     
  2.000000000000000E-003   6.81621958333333      -0.145412472742646     
  2.000000000000000E-003   7.11249000000000      -0.136355548890323     
  0.298270416666667       2.000000000000000E-003 -0.145596380480850     
  0.298270416666667       0.298270416666667      -0.157062497905575     
  0.298270416666667       0.594540833333333      -0.164809364366916     
  0.298270416666667       0.890811250000000      -0.171723300861679     
  0.298270416666667        1.18708166666667      -0.179774589432767     
  0.298270416666667        1.48335208333333      -0.189010658428159     
  0.298270416666667        1.77962250000000      -0.199110404321333     
  0.298270416666667        2.07589291666667      -0.209595267389434     
  0.298270416666667        2.37216333333333      -0.219720963853668     
  0.298270416666667        2.66843375000000      -0.228714999010339     
  0.298270416666667        2.96470416666667      -0.235968713181394     
  0.298270416666667        3.26097458333333      -0.240738676653989     
  0.298270416666667        3.55724500000000      -0.242402461706965     
  0.298270416666667        3.85351541666667      -0.240718782581547     
  0.298270416666667        4.14978583333333      -0.235930435684142     
  0.298270416666667        4.44605625000000      -0.228660748307677     
  0.298270416666667        4.74232666666667      -0.219653183599086     
  0.298270416666667        5.03859708333333      -0.209516162972219     
  0.298270416666667        5.33486750000000      -0.199019090500663     
  0.298270416666667        5.63113791666667      -0.188901411866403     
  0.298270416666667        5.92740833333333      -0.179635574325976     
  0.298270416666667        6.22367875000000      -0.171532897269281     
  0.298270416666667        6.51994916666667      -0.164532584303711     
  0.298270416666667        6.81621958333333      -0.156712121272383     
  0.298270416666667        7.11249000000000      -0.145412560021714     
  0.594540833333333       2.000000000000000E-003 -0.152370788642698     
  0.594540833333333       0.298270416666667      -0.164809198029468     
  0.594540833333333       0.594540833333333      -0.174961711463975     
  0.594540833333333       0.890811250000000      -0.184084369690979     
  0.594540833333333        1.18708166666667      -0.194378462023720     
  0.594540833333333        1.48335208333333      -0.206300915546555     
  0.594540833333333        1.77962250000000      -0.219493385249467     
  0.594540833333333        2.07589291666667      -0.233303532707542     
  0.594540833333333        2.37216333333333      -0.246737231599768     
  0.594540833333333        2.66843375000000      -0.258783736522540     
  0.594540833333333        2.96470416666667      -0.268570214076875     
  0.594540833333333        3.26097458333333      -0.275027393136823     
  0.594540833333333        3.55724500000000      -0.277284241510344     
  0.594540833333333        3.85351541666667      -0.275004924056713     
  0.594540833333333        4.14978583333333      -0.268526966243744     
  0.594540833333333        4.44605625000000      -0.258722217868404     
  0.594540833333333        4.74232666666667      -0.246659738753396     
  0.594540833333333        5.03859708333333      -0.233211364627522     
  0.594540833333333        5.33486750000000      -0.219383686304400     
  0.594540833333333        5.63113791666667      -0.206164578333369     
  0.594540833333333        5.92740833333333      -0.194200021509509     
  0.594540833333333        6.22367875000000      -0.183844782061416     
  0.594540833333333        6.51994916666667      -0.174660811504421     
  0.594540833333333        6.81621958333333      -0.164532727619237     
  0.594540833333333        7.11249000000000      -0.152264896915535     
  0.890811250000000       2.000000000000000E-003 -0.158913782443137     
  0.890811250000000       0.298270416666667      -0.171723137089766     
  0.890811250000000       0.594540833333333      -0.184084307391633     
  0.890811250000000       0.890811250000000      -0.196472744000756     
  0.890811250000000        1.18708166666667      -0.210261927542976     
  0.890811250000000        1.48335208333333      -0.226018529927592     
  0.890811250000000        1.77962250000000      -0.243540230137843     
  0.890811250000000        2.07589291666667      -0.262054185309783     
  0.890811250000000        2.37216333333333      -0.280184292767800     
  0.890811250000000        2.66843375000000      -0.296776050796999     
  0.890811250000000        2.96470416666667      -0.310403003060621     
  0.890811250000000        3.26097458333333      -0.319444556324647     
  0.890811250000000        3.55724500000000      -0.322614065696144     
  0.890811250000000        3.85351541666667      -0.319419629539915     
  0.890811250000000        4.14978583333333      -0.310355193955396     
  0.890811250000000        4.44605625000000      -0.296708463108362     
  0.890811250000000        4.74232666666667      -0.280099678093359     
  0.890811250000000        5.03859708333333      -0.261953817208127     
  0.890811250000000        5.33486750000000      -0.243422310358497     
  0.890811250000000        5.63113791666667      -0.225874957702904     
  0.890811250000000        5.92740833333333      -0.210081955599266     
  0.890811250000000        6.22367875000000      -0.196251786642355     
  0.890811250000000        6.51994916666667      -0.183844874343628     
  0.890811250000000        6.81621958333333      -0.171533084328569     
  0.890811250000000        7.11249000000000      -0.158834074058521     
   1.18708166666667       2.000000000000000E-003 -0.165894828752678     
   1.18708166666667       0.298270416666667      -0.179774477462943     
   1.18708166666667       0.594540833333333      -0.194378421209016     
   1.18708166666667       0.890811250000000      -0.210261930492836     
   1.18708166666667        1.18708166666667      -0.228330823062581     
   1.18708166666667        1.48335208333333      -0.249095193601707     
   1.18708166666667        1.77962250000000      -0.272417144070572     
   1.18708166666667        2.07589291666667      -0.297327940651399     
   1.18708166666667        2.37216333333333      -0.322268252834202     
   1.18708166666667        2.66843375000000      -0.345639724360123     
   1.18708166666667        2.96470416666667      -0.365127946048149     
   1.18708166666667        3.26097458333333      -0.378185570167240     
   1.18708166666667        3.55724500000000      -0.382787711216746     
   1.18708166666667        3.85351541666667      -0.378157357272232     
   1.18708166666667        4.14978583333333      -0.365074580037488     
   1.18708166666667        4.44605625000000      -0.345565794144163     
   1.18708166666667        4.74232666666667      -0.322177828701969     
   1.18708166666667        5.03859708333333      -0.297223335523734     
   1.18708166666667        5.33486750000000      -0.272298522993225     
   1.18708166666667        5.63113791666667      -0.248958298125955     
   1.18708166666667        5.92740833333333      -0.228170753018537     
   1.18708166666667        6.22367875000000      -0.210082040925691     
   1.18708166666667        6.51994916666667      -0.194200191481740     
   1.18708166666667        6.81621958333333      -0.179635812702135     
   1.18708166666667        7.11249000000000      -0.165821403951582     
   1.48335208333333       2.000000000000000E-003 -0.173385084012421     
   1.48335208333333       0.298270416666667      -0.189010584086797     
   1.48335208333333       0.594540833333333      -0.206300904469934     
   1.48335208333333       0.890811250000000      -0.226018558108124     
   1.48335208333333        1.18708166666667      -0.249095222887872     
   1.48335208333333        1.48335208333333      -0.276129122828785     
   1.48335208333333        1.77962250000000      -0.306969721410804     
   1.48335208333333        2.07589291666667      -0.340492340766302     
   1.48335208333333        2.37216333333333      -0.375247939788818     
   1.48335208333333        2.66843375000000      -0.408717246810717     
   1.48335208333333        2.96470416666667      -0.437266672813083     
   1.48335208333333        3.26097458333333      -0.456810605732055     
   1.48335208333333        3.55724500000000      -0.463765559502768     
   1.48335208333333        3.85351541666667      -0.456776290351705     
   1.48335208333333        4.14978583333333      -0.437203503884103     
   1.48335208333333        4.44605625000000      -0.408633499147013     
   1.48335208333333        4.74232666666667      -0.375150370384513     
   1.48335208333333        5.03859708333333      -0.340384650271969     
   1.48335208333333        5.33486750000000      -0.306852971567148     
   1.48335208333333        5.63113791666667      -0.276003122397254     
   1.48335208333333        5.92740833333333      -0.248958391657800     
   1.48335208333333        6.22367875000000      -0.225875099382744     
   1.48335208333333        6.51994916666667      -0.206164752910466     
   1.48335208333333        6.81621958333333      -0.188901654334082     
   1.48335208333333        7.11249000000000      -0.173315454484520     
   1.77962250000000       2.000000000000000E-003 -0.181327778270459     
   1.77962250000000       0.298270416666667      -0.199110318478870     
   1.77962250000000       0.594540833333333      -0.219493364879237     
   1.77962250000000       0.890811250000000      -0.243540263257640     
   1.77962250000000        1.18708166666667      -0.272417202849435     
   1.77962250000000        1.48335208333333      -0.306969772854925     
   1.77962250000000        1.77962250000000      -0.347158067494005     
   1.77962250000000        2.07589291666667      -0.392465165116693     
   1.77962250000000        2.37216333333333      -0.441170023233696     
   1.77962250000000        2.66843375000000      -0.489930835535965     
   1.77962250000000        2.96470416666667      -0.533233127560481     
   1.77962250000000        3.26097458333333      -0.563846405404631     
   1.77962250000000        3.55724500000000      -0.574985586679906     
   1.77962250000000        3.85351541666667      -0.563800866060753     
   1.77962250000000        4.14978583333333      -0.533152469752346     
   1.77962250000000        4.44605625000000      -0.489829484950919     
   1.77962250000000        4.74232666666667      -0.441059971000470     
   1.77962250000000        5.03859708333333      -0.392352712323166     
   1.77962250000000        5.33486750000000      -0.347043792854971     
   1.77962250000000        5.63113791666667      -0.306853068333598     
   1.77962250000000        5.92740833333333      -0.272298657005191     
   1.77962250000000        6.22367875000000      -0.243422439399221     
   1.77962250000000        6.51994916666667      -0.219383807450572     
   1.77962250000000        6.81621958333333      -0.199019249703399     
   1.77962250000000        7.11249000000000      -0.181261553426222     
   2.07589291666667       2.000000000000000E-003 -0.189443974876314     
   2.07589291666667       0.298270416666667      -0.209595122314533     
   2.07589291666667       0.594540833333333      -0.233303465439384     
   2.07589291666667       0.890811250000000      -0.262054209627134     
   2.07589291666667        1.18708166666667      -0.297328045524788     
   2.07589291666667        1.48335208333333      -0.340492484292836     
   2.07589291666667        1.77962250000000      -0.392465278501992     
   2.07589291666667        2.07589291666667      -0.453324984987404     
   2.07589291666667        2.37216333333333      -0.521772929484898     
   2.07589291666667        2.66843375000000      -0.593946488713032     
   2.07589291666667        2.96470416666667      -0.661693982347600     
   2.07589291666667        3.26097458333333      -0.712044411796801     
   2.07589291666667        3.55724500000000      -0.730926666837467     
   2.07589291666667        3.85351541666667      -0.711979125548156     
   2.07589291666667        4.14978583333333      -0.661584104430752     
   2.07589291666667        4.44605625000000      -0.593818003546882     
   2.07589291666667        4.74232666666667      -0.521644405990539     
   2.07589291666667        5.03859708333333      -0.453204373292364     
   2.07589291666667        5.33486750000000      -0.392352994036196     
   2.07589291666667        5.63113791666667      -0.340384980349520     
   2.07589291666667        5.92740833333333      -0.297223609314578     
   2.07589291666667        6.22367875000000      -0.261953994052779     
   2.07589291666667        6.51994916666667      -0.233211454356877     
   2.07589291666667        6.81621958333333      -0.209516228021599     
   2.07589291666667        7.11249000000000      -0.189381858673917     
   2.37216333333333       2.000000000000000E-003 -0.197259510168092     
   2.37216333333333       0.298270416666667      -0.219720792492636     
   2.37216333333333       0.594540833333333      -0.246737157386259     
   2.37216333333333       0.890811250000000      -0.280184357247609     
   2.37216333333333        1.18708166666667      -0.322268454229919     
   2.37216333333333        1.48335208333333      -0.375248228979470     
   2.37216333333333        1.77962250000000      -0.441170316306297     
   2.37216333333333        2.07589291666667      -0.521773102483604     
   2.37216333333333        2.37216333333333      -0.617470793618698     
   2.37216333333333        2.66843375000000      -0.725123210995052     
   2.37216333333333        2.96470416666667      -0.833706714115924     
   2.37216333333333        3.26097458333333      -0.919993430418198     
   2.37216333333333        3.55724500000000      -0.953733287205814     
   2.37216333333333        3.85351541666667      -0.919893684505704     
   2.37216333333333        4.14978583333333      -0.833550632840630     
   2.37216333333333        4.44605625000000      -0.724957811329442     
   2.37216333333333        4.74232666666667      -0.617321073596284     
   2.37216333333333        5.03859708333333      -0.521644994627891     
   2.37216333333333        5.33486750000000      -0.441060768850988     
   2.37216333333333        5.63113791666667      -0.375151057051413     
   2.37216333333333        5.92740833333333      -0.322178380859173     
   2.37216333333333        6.22367875000000      -0.280099966691268     
   2.37216333333333        6.51994916666667      -0.246659909386371     
   2.37216333333333        6.81621958333333      -0.219653262075096     
   2.37216333333333        7.11249000000000      -0.197203779615335     
   2.66843375000000       2.000000000000000E-003 -0.204172946133825     
   2.66843375000000       0.298270416666667      -0.228714863883594     
   2.66843375000000       0.594540833333333      -0.258783715814347     
   2.66843375000000       0.890811250000000      -0.296776205847147     
   2.66843375000000        1.18708166666667      -0.345640063785638     
   2.66843375000000        1.48335208333333      -0.408717725721813     
   2.66843375000000        1.77962250000000      -0.489931331224492     
   2.66843375000000        2.07589291666667      -0.593946834705769     
   2.66843375000000        2.37216333333333      -0.725123357685339     
   2.66843375000000        2.66843375000000      -0.883834426606768     
   2.66843375000000        2.96470416666667       -1.05688493887422     
   2.66843375000000        3.26097458333333       -1.20464843846842     
   2.66843375000000        3.55724500000000       -1.26550011630563     
   2.66843375000000        3.85351541666667       -1.20449148647983     
   2.66843375000000        4.14978583333333       -1.05666509414243     
   2.66843375000000        4.44605625000000      -0.883629782672458     
   2.66843375000000        4.74232666666667      -0.724958871881654     
   2.66843375000000        5.03859708333333      -0.593819482483727     
   2.66843375000000        5.33486750000000      -0.489831008018005     
   2.66843375000000        5.63113791666667      -0.408634753518714     
   2.66843375000000        5.92740833333333      -0.345566683349353     
   2.66843375000000        6.22367875000000      -0.296709014662339     
   2.66843375000000        6.51994916666667      -0.258722485903734     
   2.66843375000000        6.81621958333333      -0.228660843611828     
   2.66843375000000        7.11249000000000      -0.204127466670301     
   2.96470416666667       2.000000000000000E-003 -0.209727757992011     
   2.96470416666667       0.298270416666667      -0.235968641652724     
   2.96470416666667       0.594540833333333      -0.268570270493659     
   2.96470416666667       0.890811250000000      -0.310403262377730     
   2.96470416666667        1.18708166666667      -0.365128428734475     
   2.96470416666667        1.48335208333333      -0.437267350375600     
   2.96470416666667        1.77962250000000      -0.533233801808738     
   2.96470416666667        2.07589291666667      -0.661694474493443     
   2.96470416666667        2.37216333333333      -0.833706961006708     
   2.96470416666667        2.66843375000000       -1.05688496036542     
   2.96470416666667        2.96470416666667       -1.31453577141386     
   2.96470416666667        3.26097458333333       -1.54021301286843     
   2.96470416666667        3.55724500000000       -1.63412589140652     
   2.96470416666667        3.85351541666667       -1.53998263057613     
   2.96470416666667        4.14978583333333       -1.31426101291157     
   2.96470416666667        4.44605625000000       -1.05666719201536     
   2.96470416666667        4.74232666666667      -0.833553330141915     
   2.96470416666667        5.03859708333333      -0.661586817598698     
   2.96470416666667        5.33486750000000      -0.533154819170224     
   2.96470416666667        5.63113791666667      -0.437205344059602     
   2.96470416666667        5.92740833333333      -0.365075855672892     
   2.96470416666667        6.22367875000000      -0.310355973178853     
   2.96470416666667        6.51994916666667      -0.268527370700200     
   2.96470416666667        6.81621958333333      -0.235930669927895     
   2.96470416666667        7.11249000000000      -0.209695428418101     
   3.26097458333333       2.000000000000000E-003 -0.213372868681352     
   3.26097458333333       0.298270416666667      -0.240738648001630     
   3.26097458333333       0.594540833333333      -0.275027500287516     
   3.26097458333333       0.890811250000000      -0.319444882926753     
   3.26097458333333        1.18708166666667      -0.378186148641960     
   3.26097458333333        1.48335208333333      -0.456811410154825     
   3.26097458333333        1.77962250000000      -0.563847200779394     
   3.26097458333333        2.07589291666667      -0.712045022891984     
   3.26097458333333        2.37216333333333      -0.919993779778162     
   3.26097458333333        2.66843375000000       -1.20464843038203     
   3.26097458333333        2.96470416666667       -1.54021268984158     
   3.26097458333333        3.26097458333333       -1.80082752395354     
   3.26097458333333        3.55724500000000       -1.89769236276612     
   3.26097458333333        3.85351541666667       -1.80059811118951     
   3.26097458333333        4.14978583333333       -1.53998596325278     
   3.26097458333333        4.44605625000000       -1.20449685454876     
   3.26097458333333        4.74232666666667      -0.919898605212021     
   3.26097458333333        5.03859708333333      -0.711983112801607     
   3.26097458333333        5.33486750000000      -0.563804031253822     
   3.26097458333333        5.63113791666667      -0.456778695426660     
   3.26097458333333        5.92740833333333      -0.378158980440035     
   3.26097458333333        6.22367875000000      -0.319420598722872     
   3.26097458333333        6.51994916666667      -0.275005490857413     
   3.26097458333333        6.81621958333333      -0.240719065524288     
   3.26097458333333        7.11249000000000      -0.213356169951118     
   3.55724500000000       2.000000000000000E-003 -0.214642442586995     
   3.55724500000000       0.298270416666667      -0.242402416803167     
   3.55724500000000       0.594540833333333      -0.277284332703759     
   3.55724500000000       0.890811250000000      -0.322614381040491     
   3.55724500000000        1.18708166666667      -0.382788291028306     
   3.55724500000000        1.48335208333333      -0.463766383146980     
   3.55724500000000        1.77962250000000      -0.574986406271672     
   3.55724500000000        2.07589291666667      -0.730927342152132     
   3.55724500000000        2.37216333333333      -0.953733769515024     
   3.55724500000000        2.66843375000000       -1.26550029079328     
   3.55724500000000        2.96470416666667       -1.63412564619984     
   3.55724500000000        3.26097458333333       -1.89769211009864     
   3.55724500000000        3.55724500000000       -2.04232657514112     
   3.55724500000000        3.85351541666667       -1.89769562199795     
   3.55724500000000        4.14978583333333       -1.63413321132821     
   3.55724500000000        4.44605625000000       -1.26550858302561     
   3.55724500000000        4.74232666666667      -0.953740179745521     
   3.55724500000000        5.03859708333333      -0.730931799835197     
   3.55724500000000        5.33486750000000      -0.574989347495347     
   3.55724500000000        5.63113791666667      -0.463768432789659     
   3.55724500000000        5.92740833333333      -0.382789576085575     
   3.55724500000000        6.22367875000000      -0.322615159038232     
   3.55724500000000        6.51994916666667      -0.277284903761369     
   3.55724500000000        6.81621958333333      -0.242402791106338     
   3.55724500000000        7.11249000000000      -0.214642787476008     
   3.85351541666667       2.000000000000000E-003 -0.213355759697897     
   3.85351541666667       0.298270416666667      -0.240718655053584     
   3.85351541666667       0.594540833333333      -0.275004924344896     
   3.85351541666667       0.890811250000000      -0.319419845939858     
   3.85351541666667        1.18708166666667      -0.378157830877680     
   3.85351541666667        1.48335208333333      -0.456777002801563     
   3.85351541666667        1.77962250000000      -0.563801597027296     
   3.85351541666667        2.07589291666667      -0.711979752257036     
   3.85351541666667        2.37216333333333      -0.919894205690129     
   3.85351541666667        2.66843375000000       -1.20449186969590     
   3.85351541666667        2.96470416666667       -1.53998277556415     
   3.85351541666667        3.26097458333333       -1.80059789356444     
   3.85351541666667        3.55724500000000       -1.89769524666874     
   3.85351541666667        3.85351541666667       -1.80083386636900     
   3.85351541666667        4.14978583333333       -1.54022442625653     
   3.85351541666667        4.44605625000000       -1.20465930226156     
   3.85351541666667        4.74232666666667      -0.920001297784962     
   3.85351541666667        5.03859708333333      -0.712049909900162     
   3.85351541666667        5.33486750000000      -0.563850386799687     
   3.85351541666667        5.63113791666667      -0.456813486241038     
   3.85351541666667        5.92740833333333      -0.378187460469437     
   3.85351541666667        6.22367875000000      -0.319445669434780     
   3.85351541666667        6.51994916666667      -0.275027958525028     
   3.85351541666667        6.81621958333333      -0.240738913262387     
   3.85351541666667        7.11249000000000      -0.213373122621975     
   4.14978583333333       2.000000000000000E-003 -0.209694991921664     
   4.14978583333333       0.298270416666667      -0.235930186565314     
   4.14978583333333       0.594540833333333      -0.268526830785337     
   4.14978583333333       0.890811250000000      -0.310355255373560     
   4.14978583333333        1.18708166666667      -0.365074874358107     
   4.14978583333333        1.48335208333333      -0.437204014875287     
   4.14978583333333        1.77962250000000      -0.533153013176286     
   4.14978583333333        2.07589291666667      -0.661584563032092     
   4.14978583333333        2.37216333333333      -0.833551009128749     
   4.14978583333333        2.66843375000000       -1.05666537640087     
   4.14978583333333        2.96470416666667       -1.31426107678527     
   4.14978583333333        3.26097458333333       -1.53998563316017     
   4.14978583333333        3.55724500000000       -1.63413270784744     
   4.14978583333333        3.85351541666667       -1.54022422839572     
   4.14978583333333        4.14978583333333       -1.31454796032810     
   4.14978583333333        4.44605625000000       -1.05689524059573     
   4.14978583333333        4.74232666666667      -0.833714044445950     
   4.14978583333333        5.03859708333333      -0.661699276061461     
   4.14978583333333        5.33486750000000      -0.533236943762476     
   4.14978583333333        5.63113791666667      -0.437269323559079     
   4.14978583333333        5.92740833333333      -0.365129677400748     
   4.14978583333333        6.22367875000000      -0.310404005385948     
   4.14978583333333        6.51994916666667      -0.268570644812009     
   4.14978583333333        6.81621958333333      -0.235968851536547     
   4.14978583333333        7.11249000000000      -0.209727883416046     
   4.44605625000000       2.000000000000000E-003 -0.204126980806304     
   4.44605625000000       0.298270416666667      -0.228660387572941     
   4.44605625000000       0.594540833333333      -0.258721955616699     
   4.44605625000000       0.890811250000000      -0.296708370878627     
   4.44605625000000        1.18708166666667      -0.345565900384468     
   4.44605625000000        1.48335208333333      -0.408633775706080     
   4.44605625000000        1.77962250000000      -0.489829812538923     
   4.44605625000000        2.07589291666667      -0.593818260404887     
   4.44605625000000        2.37216333333333      -0.724957991335181     
   4.44605625000000        2.66843375000000      -0.883629889357893     
   4.44605625000000        2.96470416666667       -1.05666717274305     
   4.44605625000000        3.26097458333333       -1.20449668053358     
   4.44605625000000        3.55724500000000       -1.26550841155699     
   4.44605625000000        3.85351541666667       -1.20465930844462     
   4.44605625000000        4.14978583333333       -1.05689533224969     
   4.44605625000000        4.44605625000000      -0.883842642170641     
   4.44605625000000        4.74232666666667      -0.725129369054912     
   4.44605625000000        5.03859708333333      -0.593950983837621     
   4.44605625000000        5.33486750000000      -0.489934150659379     
   4.44605625000000        5.63113791666667      -0.408719539640425     
   4.44605625000000        5.92740833333333      -0.345641152422736     
   4.44605625000000        6.22367875000000      -0.296776807888449     
   4.44605625000000        6.51994916666667      -0.258783976479407     
   4.44605625000000        6.81621958333333      -0.228714964091843     
   4.44605625000000        7.11249000000000      -0.204173032079456     
   4.74232666666667       2.000000000000000E-003 -0.197203290958236     
   4.74232666666667       0.298270416666667      -0.219652763754109     
   4.74232666666667       0.594540833333333      -0.246659407896563     
   4.74232666666667       0.890811250000000      -0.280099487559486     
   4.74232666666667        1.18708166666667      -0.322177797136933     
   4.74232666666667        1.48335208333333      -0.375150470562197     
   4.74232666666667        1.77962250000000      -0.441060122390713     
   4.74232666666667        2.07589291666667      -0.521644511874284     
   4.74232666666667        2.37216333333333      -0.617321132770125     
   4.74232666666667        2.66843375000000      -0.724958921708612     
   4.74232666666667        2.96470416666667      -0.833553395557475     
   4.74232666666667        3.26097458333333      -0.919898713557544     
   4.74232666666667        3.55724500000000      -0.953740377530017     
   4.74232666666667        3.85351541666667      -0.920001578866669     
   4.74232666666667        4.14978583333333      -0.833714302844297     
   4.74232666666667        4.44605625000000      -0.725129502066309     
   4.74232666666667        4.74232666666667      -0.617475533074014     
   4.74232666666667        5.03859708333333      -0.521776500202253     
   4.74232666666667        5.33486750000000      -0.441172647283612     
   4.74232666666667        5.63113791666667      -0.375249777258373     
   4.74232666666667        5.92740833333333      -0.322269362783632     
   4.74232666666667        6.22367875000000      -0.280184795293532     
   4.74232666666667        6.51994916666667      -0.246737338905247     
   4.74232666666667        6.81621958333333      -0.219720841659476     
   4.74232666666667        7.11249000000000      -0.197259468387115     
   5.03859708333333       2.000000000000000E-003 -0.189381357562444     
   5.03859708333333       0.298270416666667      -0.209515752680701     
   5.03859708333333       0.594540833333333      -0.233211045383769     
   5.03859708333333       0.890811250000000      -0.261953611340102     
   5.03859708333333        1.18708166666667      -0.297223246073219     
   5.03859708333333        1.48335208333333      -0.340384658063738     
   5.03859708333333        1.77962250000000      -0.392352767543256     
   5.03859708333333        2.07589291666667      -0.453204406824918     
   5.03859708333333        2.37216333333333      -0.521645008011721     
   5.03859708333333        2.66843375000000      -0.593819533082778     
   5.03859708333333        2.96470416666667      -0.661586959285744     
   5.03859708333333        3.26097458333333      -0.711983368999300     
   5.03859708333333        3.55724500000000      -0.730932151451960     
   5.03859708333333        3.85351541666667      -0.712050288591673     
   5.03859708333333        4.14978583333333      -0.661699588326452     
   5.03859708333333        4.44605625000000      -0.593951175336988     
   5.03859708333333        4.74232666666667      -0.521776579872946     
   5.03859708333333        5.03859708333333      -0.453327722297389     
   5.03859708333333        5.33486750000000      -0.392467157176530     
   5.03859708333333        5.63113791666667      -0.340493703547464     
   5.03859708333333        5.92740833333333      -0.297328733107002     
   5.03859708333333        6.22367875000000      -0.262054486817333     
   5.03859708333333        6.51994916666667      -0.233303516996796     
   5.03859708333333        6.81621958333333      -0.209595057343493     
   5.03859708333333        7.11249000000000      -0.189443854024944     
   5.33486750000000       2.000000000000000E-003 -0.181261005072457     
   5.33486750000000       0.298270416666667      -0.199018775316700     
   5.33486750000000       0.594540833333333      -0.219383457974797     
   5.33486750000000       0.890811250000000      -0.243422164564197     
   5.33486750000000        1.18708166666667      -0.272298452260893     
   5.33486750000000        1.48335208333333      -0.306852962876920     
   5.33486750000000        1.77962250000000      -0.347043826716111     
   5.33486750000000        2.07589291666667      -0.392353035766560     
   5.33486750000000        2.37216333333333      -0.441060792268238     
   5.33486750000000        2.66843375000000      -0.489831056023944     
   5.33486750000000        2.96470416666667      -0.533154943037473     
   5.33486750000000        3.26097458333333      -0.563804249257378     
   5.33486750000000        3.55724500000000      -0.574989632951187     
   5.33486750000000        3.85351541666667      -0.563850684354180     
   5.33486750000000        4.14978583333333      -0.533237198829654     
   5.33486750000000        4.44605625000000      -0.489934343328159     
   5.33486750000000        4.74232666666667      -0.441172787276779     
   5.33486750000000        5.03859708333333      -0.392467244395959     
   5.33486750000000        5.33486750000000      -0.347159495214870     
   5.33486750000000        5.63113791666667      -0.306970650649431     
   5.33486750000000        5.92740833333333      -0.272417619070782     
   5.33486750000000        6.22367875000000      -0.243540393482706     
   5.33486750000000        6.51994916666667      -0.219493269632464     
   5.33486750000000        6.81621958333333      -0.199110162157095     
   5.33486750000000        7.11249000000000      -0.181327646967517     
   5.63113791666667       2.000000000000000E-003 -0.173314933029592     
   5.63113791666667       0.298270416666667      -0.188901211935080     
   5.63113791666667       0.594540833333333      -0.206164460098616     
   5.63113791666667       0.890811250000000      -0.225874891195198     
   5.63113791666667        1.18708166666667      -0.248958273241447     
   5.63113791666667        1.48335208333333      -0.276003144002279     
   5.63113791666667        1.77962250000000      -0.306853130497792     
   5.63113791666667        2.07589291666667      -0.340385070467565     
   5.63113791666667        2.37216333333333      -0.375151153149917     
   5.63113791666667        2.66843375000000      -0.408634844324688     
   5.63113791666667        2.96470416666667      -0.437205442326664     
   5.63113791666667        3.26097458333333      -0.456778828592896     
   5.63113791666667        3.55724500000000      -0.463768603550243     
   5.63113791666667        3.85351541666667      -0.456813687866832     
   5.63113791666667        4.14978583333333      -0.437269547967875     
   5.63113791666667        4.44605625000000      -0.408719788898703     
   5.63113791666667        4.74232666666667      -0.375250025075912     
   5.63113791666667        5.03859708333333      -0.340493904002207     
   5.63113791666667        5.33486750000000      -0.306970760366325     
   5.63113791666667        5.63113791666667      -0.276129761486504     
   5.63113791666667        5.92740833333333      -0.249095463403089     
   5.63113791666667        6.22367875000000      -0.226018572020602     
   5.63113791666667        6.51994916666667      -0.206300768502296     
   5.63113791666667        6.81621958333333      -0.189010387967797     
   5.63113791666667        7.11249000000000      -0.173384885678358     
   5.92740833333333       2.000000000000000E-003 -0.165820942742756     
   5.92740833333333       0.298270416666667      -0.179635441956979     
   5.92740833333333       0.594540833333333      -0.194199964841401     
   5.92740833333333       0.890811250000000      -0.210081923782183     
   5.92740833333333        1.18708166666667      -0.228170742460141     
   5.92740833333333        1.48335208333333      -0.248958432991178     
   5.92740833333333        1.77962250000000      -0.272298768015889     
   5.92740833333333        2.07589291666667      -0.297223770664705     
   5.92740833333333        2.37216333333333      -0.322178567777314     
   5.92740833333333        2.66843375000000      -0.345566866195104     
   5.92740833333333        2.96470416666667      -0.365076021518743     
   5.92740833333333        3.26097458333333      -0.378159141048770     
   5.92740833333333        3.55724500000000      -0.382789760049738     
   5.92740833333333        3.85351541666667      -0.378187698078852     
   5.92740833333333        4.14978583333333      -0.365129983920702     
   5.92740833333333        4.44605625000000      -0.345641513726877     
   5.92740833333333        4.74232666666667      -0.322269733350777     
   5.92740833333333        5.03859708333333      -0.297329052021025     
   5.92740833333333        5.33486750000000      -0.272417834252432     
   5.92740833333333        5.63113791666667      -0.249095546354289     
   5.92740833333333        5.92740833333333      -0.228330880927396     
   5.92740833333333        6.22367875000000      -0.210261822514326     
   5.92740833333333        6.51994916666667      -0.194378233044862     
   5.92740833333333        6.81621958333333      -0.179774284521361     
   5.92740833333333        7.11249000000000      -0.165894672377011     
   6.22367875000000       2.000000000000000E-003 -0.158833715535085     
   6.22367875000000       0.298270416666667      -0.171532786143503     
   6.22367875000000       0.594540833333333      -0.183844715409414     
   6.22367875000000       0.890811250000000      -0.196251716400314     
   6.22367875000000        1.18708166666667      -0.210081984458246     
   6.22367875000000        1.48335208333333      -0.225875115758839     
   6.22367875000000        1.77962250000000      -0.243422571680302     
   6.22367875000000        2.07589291666667      -0.261954220285942     
   6.22367875000000        2.37216333333333      -0.280100240546374     
   6.22367875000000        2.66843375000000      -0.296709292704954     
   6.22367875000000        2.96470416666667      -0.310356228148076     
   6.22367875000000        3.26097458333333      -0.319420836899279     
   6.22367875000000        3.55724500000000      -0.322615416038082     
   6.22367875000000        3.85351541666667      -0.319445987799641     
   6.22367875000000        4.14978583333333      -0.310404406366964     
   6.22367875000000        4.44605625000000      -0.296777273145748     
   6.22367875000000        4.74232666666667      -0.280185270014225     
   6.22367875000000        5.03859708333333      -0.262054902304566     
   6.22367875000000        5.33486750000000      -0.243540672166859     
   6.22367875000000        5.63113791666667      -0.226018679290329     
   6.22367875000000        5.92740833333333      -0.210261830377250     
   6.22367875000000        6.22367875000000      -0.196472522344820     
   6.22367875000000        6.51994916666667      -0.184084057327213     
   6.22367875000000        6.81621958333333      -0.171722951099987     
   6.22367875000000        7.11249000000000      -0.158913634009197     
   6.51994916666667       2.000000000000000E-003 -0.152264597054873     
   6.51994916666667       0.298270416666667      -0.164532480851152     
   6.51994916666667       0.594540833333333      -0.174660691613539     
   6.51994916666667       0.890811250000000      -0.183844723616680     
   6.51994916666667        1.18708166666667      -0.194200049635034     
   6.51994916666667        1.48335208333333      -0.206164701563914     
   6.51994916666667        1.77962250000000      -0.219383911076693     
   6.51994916666667        2.07589291666667      -0.233211700295107     
   6.51994916666667        2.37216333333333      -0.246660220629658     
   6.51994916666667        2.66843375000000      -0.258722808493048     
   6.51994916666667        2.96470416666667      -0.268527669045423     
   6.51994916666667        3.26097458333333      -0.275005768021848     
   6.51994916666667        3.55724500000000      -0.277285197671140     
   6.51994916666667        3.85351541666667      -0.275028316152237     
   6.51994916666667        4.14978583333333      -0.268571089508281     
   6.51994916666667        4.44605625000000      -0.258784488762244     
   6.51994916666667        4.74232666666667      -0.246737862596884     
   6.51994916666667        5.03859708333333      -0.233303984794557     
   6.51994916666667        5.33486750000000      -0.219493564025285     
   6.51994916666667        5.63113791666667      -0.206300861183486     
   6.51994916666667        5.92740833333333      -0.194378215626175     
   6.51994916666667        6.22367875000000      -0.184084040675170     
   6.51994916666667        6.51994916666667      -0.174961344054878     
   6.51994916666667        6.81621958333333      -0.164808934733355     
   6.51994916666667        7.11249000000000      -0.152370635014583     
   6.81621958333333       2.000000000000000E-003 -0.145412328149702     
   6.81621958333333       0.298270416666667      -0.156711978037109     
   6.81621958333333       0.594540833333333      -0.164532578615810     
   6.81621958333333       0.890811250000000      -0.171532894857992     
   6.81621958333333        1.18708166666667      -0.179635607350857     
   6.81621958333333        1.48335208333333      -0.188901524964438     
   6.81621958333333        1.77962250000000      -0.199019280516739     
   6.81621958333333        2.07589291666667      -0.209516419766351     
   6.81621958333333        2.37216333333333      -0.219653527286688     
   6.81621958333333        2.66843375000000      -0.228661116894730     
   6.81621958333333        2.96470416666667      -0.235930913886072     
   6.81621958333333        3.26097458333333      -0.240719284587417     
   6.81621958333333        3.55724500000000      -0.242403026546128     
   6.81621958333333        3.85351541666667      -0.240739215672475     
   6.81621958333333        4.14978583333333      -0.235969246765322     
   6.81621958333333        4.44605625000000      -0.228715435241542     
   6.81621958333333        4.74232666666667      -0.219721338351425     
   6.81621958333333        5.03859708333333      -0.209595514045036     
   6.81621958333333        5.33486750000000      -0.199110441713508     
   6.81621958333333        5.63113791666667      -0.189010463451746     
   6.81621958333333        5.92740833333333      -0.179774261595295     
   6.81621958333333        6.22367875000000      -0.171722958333386     
   6.81621958333333        6.51994916666667      -0.164808997535730     
   6.81621958333333        6.81621958333333      -0.157062289111731     
   6.81621958333333        7.11249000000000      -0.145596242122888     
   7.11249000000000       2.000000000000000E-003 -0.136355405926342     
   7.11249000000000       0.298270416666667      -0.145412430813206     
   7.11249000000000       0.594540833333333      -0.152264816017937     
   7.11249000000000       0.890811250000000      -0.158833931190003     
   7.11249000000000        1.18708166666667      -0.165821194808304     
   7.11249000000000        1.48335208333333      -0.173315271109032     
   7.11249000000000        1.77962250000000      -0.181261493708848     
   7.11249000000000        2.07589291666667      -0.189381940109473     
   7.11249000000000        2.37216333333333      -0.197203920313707     
   7.11249000000000        2.66843375000000      -0.204127599673992     
   7.11249000000000        2.96470416666667      -0.209695521482405     
   7.11249000000000        3.26097458333333      -0.213356234179692     
   7.11249000000000        3.55724500000000      -0.214642869902018     
   7.11249000000000        3.85351541666667      -0.213373278161823     
   7.11249000000000        4.14978583333333      -0.209728141686901     
   7.11249000000000        4.44605625000000      -0.204173381655332     
   7.11249000000000        4.74232666666667      -0.197259868713336     
   7.11249000000000        5.03859708333333      -0.189444251270773     
   7.11249000000000        5.33486750000000      -0.181327897318078     
   7.11249000000000        5.63113791666667      -0.173384957557968     
   7.11249000000000        5.92740833333333      -0.165894665019917     
   7.11249000000000        6.22367875000000      -0.158913673863481     
   7.11249000000000        6.51994916666667      -0.152370754369110     
   7.11249000000000        6.81621958333333      -0.145596337081376     
   7.11249000000000        7.11249000000000      -0.136568168020103     
