  2.000000000000000E-003  2.000000000000000E-003 -0.346880374817985     
  2.000000000000000E-003  0.298270416666667      -0.373044161279568     
  2.000000000000000E-003  0.594540833333333      -0.382961615185405     
  2.000000000000000E-003  0.890811250000000      -0.389736851492009     
  2.000000000000000E-003   1.18708166666667      -0.391638045513947     
  2.000000000000000E-003   1.48335208333333      -0.387445464396655     
  2.000000000000000E-003   1.77962250000000      -0.377558398986900     
  2.000000000000000E-003   2.07589291666667      -0.363179208639441     
  2.000000000000000E-003   2.37216333333333      -0.346062689367187     
  2.000000000000000E-003   2.66843375000000      -0.327946367065520     
  2.000000000000000E-003   2.96470416666667      -0.307745543498638     
  2.000000000000000E-003   3.26097458333333      -0.285834347576151     
  2.000000000000000E-003   3.55724500000000      -0.263441937691387     
  2.000000000000000E-003   3.85351541666667      -0.241771770364206     
  2.000000000000000E-003   4.14978583333333      -0.221594429392089     
  2.000000000000000E-003   4.44605625000000      -0.203199366106321     
  2.000000000000000E-003   4.74232666666667      -0.186638751701981     
  2.000000000000000E-003   5.03859708333333      -0.172016483919474     
  2.000000000000000E-003   5.33486750000000      -0.159433917198733     
  2.000000000000000E-003   5.63113791666667      -0.148845143149003     
  2.000000000000000E-003   5.92740833333333      -0.140082203718597     
  2.000000000000000E-003   6.22367875000000      -0.132710791000914     
  2.000000000000000E-003   6.51994916666667      -0.125747469698254     
  2.000000000000000E-003   6.81621958333333      -0.117047926901149     
  2.000000000000000E-003   7.11249000000000      -0.106125545897836     
  0.298270416666667       2.000000000000000E-003 -0.373044002477873     
  0.298270416666667       0.298270416666667      -0.394634464694596     
  0.298270416666667       0.594540833333333      -0.414031289061894     
  0.298270416666667       0.890811250000000      -0.432530863903571     
  0.298270416666667        1.18708166666667      -0.440177366862901     
  0.298270416666667        1.48335208333333      -0.437235447444241     
  0.298270416666667        1.77962250000000      -0.425963565712471     
  0.298270416666667        2.07589291666667      -0.408174771802875     
  0.298270416666667        2.37216333333333      -0.387128081173512     
  0.298270416666667        2.66843375000000      -0.364911794842215     
  0.298270416666667        2.96470416666667      -0.339973436369476     
  0.298270416666667        3.26097458333333      -0.313024178761838     
  0.298270416666667        3.55724500000000      -0.285842042668919     
  0.298270416666667        3.85351541666667      -0.260018014891654     
  0.298270416666667        4.14978583333333      -0.236425282330202     
  0.298270416666667        4.44605625000000      -0.215265582512788     
  0.298270416666667        4.74232666666667      -0.196443407119976     
  0.298270416666667        5.03859708333333      -0.179927860472059     
  0.298270416666667        5.33486750000000      -0.165747093643001     
  0.298270416666667        5.63113791666667      -0.153777508782913     
  0.298270416666667        5.92740833333333      -0.143763825506083     
  0.298270416666667        6.22367875000000      -0.135128960735118     
  0.298270416666667        6.51994916666667      -0.126844616174559     
  0.298270416666667        6.81621958333333      -0.118066104822269     
  0.298270416666667        7.11249000000000      -0.109624486647412     
  0.594540833333333       2.000000000000000E-003 -0.382961271008255     
  0.594540833333333       0.298270416666667      -0.414031138107358     
  0.594540833333333       0.594540833333333      -0.446020223524688     
  0.594540833333333       0.890811250000000      -0.473080605483404     
  0.594540833333333        1.18708166666667      -0.486338635600619     
  0.594540833333333        1.48335208333333      -0.485687113002593     
  0.594540833333333        1.77962250000000      -0.473966974924360     
  0.594540833333333        2.07589291666667      -0.453539455324025     
  0.594540833333333        2.37216333333333      -0.428955992474117     
  0.594540833333333        2.66843375000000      -0.402509566006573     
  0.594540833333333        2.96470416666667      -0.372375980837776     
  0.594540833333333        3.26097458333333      -0.339979975903036     
  0.594540833333333        3.55724500000000      -0.307760554498305     
  0.594540833333333        3.85351541666667      -0.277669249872101     
  0.594540833333333        4.14978583333333      -0.250604365906552     
  0.594540833333333        4.44605625000000      -0.226617121977595     
  0.594540833333333        4.74232666666667      -0.205440808969834     
  0.594540833333333        5.03859708333333      -0.186902076482970     
  0.594540833333333        5.33486750000000      -0.170955471459978     
  0.594540833333333        5.63113791666667      -0.157410430500689     
  0.594540833333333        5.92740833333333      -0.145910470884910     
  0.594540833333333        6.22367875000000      -0.135855874850221     
  0.594540833333333        6.51994916666667      -0.126621344873822     
  0.594540833333333        6.81621958333333      -0.118209657863129     
  0.594540833333333        7.11249000000000      -0.110013701948828     
  0.890811250000000       2.000000000000000E-003 -0.389736400977960     
  0.890811250000000       0.298270416666667      -0.432530533805979     
  0.890811250000000       0.594540833333333      -0.473080411618939     
  0.890811250000000       0.890811250000000      -0.505575969279007     
  0.890811250000000        1.18708166666667      -0.523888497099252     
  0.890811250000000        1.48335208333333      -0.526939552712250     
  0.890811250000000        1.77962250000000      -0.515874932823078     
  0.890811250000000        2.07589291666667      -0.493637081875507     
  0.890811250000000        2.37216333333333      -0.467828602347061     
  0.890811250000000        2.66843375000000      -0.437636748207526     
  0.890811250000000        2.96470416666667      -0.402522605670510     
  0.890811250000000        3.26097458333333      -0.364931635471083     
  0.890811250000000        3.55724500000000      -0.327973970435837     
  0.890811250000000        3.85351541666667      -0.293892002326235     
  0.890811250000000        4.14978583333333      -0.263556326910090     
  0.890811250000000        4.44605625000000      -0.236849422911435     
  0.890811250000000        4.74232666666667      -0.213356005116757     
  0.890811250000000        5.03859708333333      -0.192811091215645     
  0.890811250000000        5.33486750000000      -0.175122936428879     
  0.890811250000000        5.63113791666667      -0.160088694531337     
  0.890811250000000        5.92740833333333      -0.147304360792347     
  0.890811250000000        6.22367875000000      -0.136246502373450     
  0.890811250000000        6.51994916666667      -0.126468011462948     
  0.890811250000000        6.81621958333333      -0.117643311275935     
  0.890811250000000        7.11249000000000      -0.108933036456632     
   1.18708166666667       2.000000000000000E-003 -0.391637445954791     
   1.18708166666667       0.298270416666667      -0.440176805532014     
   1.18708166666667       0.594540833333333      -0.486338167336162     
   1.18708166666667       0.890811250000000      -0.523888210545305     
   1.18708166666667        1.18708166666667      -0.547500842861260     
   1.18708166666667        1.48335208333333      -0.554794743319041     
   1.18708166666667        1.77962250000000      -0.545798974376246     
   1.18708166666667        2.07589291666667      -0.525555870138008     
   1.18708166666667        2.37216333333333      -0.500419907333561     
   1.18708166666667        2.66843375000000      -0.467870014325446     
   1.18708166666667        2.96470416666667      -0.429011827236191     
   1.18708166666667        3.26097458333333      -0.387186522599877     
   1.18708166666667        3.55724500000000      -0.346119808725037     
   1.18708166666667        3.85351541666667      -0.308431550602473     
   1.18708166666667        4.14978583333333      -0.275054059703344     
   1.18708166666667        4.44605625000000      -0.245749600457048     
   1.18708166666667        4.74232666666667      -0.220014423726352     
   1.18708166666667        5.03859708333333      -0.197570711687358     
   1.18708166666667        5.33486750000000      -0.178309832807038     
   1.18708166666667        5.63113791666667      -0.162024801045901     
   1.18708166666667        5.92740833333333      -0.148257557978107     
   1.18708166666667        6.22367875000000      -0.136445193995636     
   1.18708166666667        6.51994916666667      -0.126073730450928     
   1.18708166666667        6.81621958333333      -0.116651060479850     
   1.18708166666667        7.11249000000000      -0.107591873062148     
   1.48335208333333       2.000000000000000E-003 -0.387444625590573     
   1.48335208333333       0.298270416666667      -0.437234573202714     
   1.48335208333333       0.594540833333333      -0.485686292502424     
   1.48335208333333       0.890811250000000      -0.526938902243986     
   1.48335208333333        1.18708166666667      -0.554794381918875     
   1.48335208333333        1.48335208333333      -0.565722826813374     
   1.48335208333333        1.77962250000000      -0.560858941596558     
   1.48335208333333        2.07589291666667      -0.547830290313021     
   1.48335208333333        2.37216333333333      -0.525655533705382     
   1.48335208333333        2.66843375000000      -0.493795072409949     
   1.48335208333333        2.96470416666667      -0.453719921088647     
   1.48335208333333        3.26097458333333      -0.408308676376604     
   1.48335208333333        3.55724500000000      -0.363288998039463     
   1.48335208333333        3.85351541666667      -0.321882191433631     
   1.48335208333333        4.14978583333333      -0.285383089732249     
   1.48335208333333        4.44605625000000      -0.253356374440930     
   1.48335208333333        4.74232666666667      -0.225344652464906     
   1.48335208333333        5.03859708333333      -0.201112632853940     
   1.48335208333333        5.33486750000000      -0.180532811196356     
   1.48335208333333        5.63113791666667      -0.163289276876923     
   1.48335208333333        5.92740833333333      -0.148809800017792     
   1.48335208333333        6.22367875000000      -0.136413097977604     
   1.48335208333333        6.51994916666667      -0.125498204370532     
   1.48335208333333        6.81621958333333      -0.115590022729641     
   1.48335208333333        7.11249000000000      -0.106316001574277     
   1.77962250000000       2.000000000000000E-003 -0.377557271480365     
   1.77962250000000       0.298270416666667      -0.425962342245008     
   1.77962250000000       0.594540833333333      -0.473965783212327     
   1.77962250000000       0.890811250000000      -0.515873917595904     
   1.77962250000000        1.18708166666667      -0.545798264169641     
   1.77962250000000        1.48335208333333      -0.560858599168977     
   1.77962250000000        1.77962250000000      -0.565820010631194     
   1.77962250000000        2.07589291666667      -0.561016577503814     
   1.77962250000000        2.37216333333333      -0.546031728514511     
   1.77962250000000        2.66843375000000      -0.516165702602969     
   1.77962250000000        2.96470416666667      -0.474182557808020     
   1.77962250000000        3.26097458333333      -0.426132999676863     
   1.77962250000000        3.55724500000000      -0.377695081783526     
   1.77962250000000        3.85351541666667      -0.333184933974685     
   1.77962250000000        4.14978583333333      -0.293761848014504     
   1.77962250000000        4.44605625000000      -0.259308900355530     
   1.77962250000000        4.74232666666667      -0.229218694036449     
   1.77962250000000        5.03859708333333      -0.203333711529433     
   1.77962250000000        5.33486750000000      -0.181734602551021     
   1.77962250000000        5.63113791666667      -0.163878803514357     
   1.77962250000000        5.92740833333333      -0.148955693085549     
   1.77962250000000        6.22367875000000      -0.136152354461868     
   1.77962250000000        6.51994916666667      -0.124826575587498     
   1.77962250000000        6.81621958333333      -0.114579281568386     
   1.77962250000000        7.11249000000000      -0.105177531940138     
   2.07589291666667       2.000000000000000E-003 -0.363177858762962     
   2.07589291666667       0.298270416666667      -0.408173293606237     
   2.07589291666667       0.594540833333333      -0.453538005557482     
   2.07589291666667       0.890811250000000      -0.493635832983477     
   2.07589291666667        1.18708166666667      -0.525554917680411     
   2.07589291666667        1.48335208333333      -0.547829668790593     
   2.07589291666667        1.77962250000000      -0.561016279271149     
   2.07589291666667        2.07589291666667      -0.566043344808529     
   2.07589291666667        2.37216333333333      -0.555175394929964     
   2.07589291666667        2.66843375000000      -0.527338171402849     
   2.07589291666667        2.96470416666667      -0.486022373285230     
   2.07589291666667        3.26097458333333      -0.437467601286334     
   2.07589291666667        3.55724500000000      -0.387619964501675     
   2.07589291666667        3.85351541666667      -0.340885639592867     
   2.07589291666667        4.14978583333333      -0.299029694695704     
   2.07589291666667        4.44605625000000      -0.262426949615137     
   2.07589291666667        4.74232666666667      -0.230809421142594     
   2.07589291666667        5.03859708333333      -0.203974115631197     
   2.07589291666667        5.33486750000000      -0.181842478112118     
   2.07589291666667        5.63113791666667      -0.163761259118741     
   2.07589291666667        5.92740833333333      -0.148669690179703     
   2.07589291666667        6.22367875000000      -0.135638631561208     
   2.07589291666667        6.51994916666667      -0.124045512044343     
   2.07589291666667        6.81621958333333      -0.113595648111505     
   2.07589291666667        7.11249000000000      -0.104144404504270     
   2.37216333333333       2.000000000000000E-003 -0.346061300439443     
   2.37216333333333       0.298270416666667      -0.387126538377043     
   2.37216333333333       0.594540833333333      -0.428954459560882     
   2.37216333333333       0.890811250000000      -0.467827229103345     
   2.37216333333333        1.18708166666667      -0.500418793410948     
   2.37216333333333        1.48335208333333      -0.525654715892542     
   2.37216333333333        1.77962250000000      -0.546031191652778     
   2.37216333333333        2.07589291666667      -0.555175129280342     
   2.37216333333333        2.37216333333333      -0.547914801532272     
   2.37216333333333        2.66843375000000      -0.524322251704550     
   2.37216333333333        2.96470416666667      -0.486717597191186     
   2.37216333333333        3.26097458333333      -0.440484745562981     
   2.37216333333333        3.55724500000000      -0.391835894784748     
   2.37216333333333        3.85351541666667      -0.344570572603707     
   2.37216333333333        4.14978583333333      -0.300997599850630     
   2.37216333333333        4.44605625000000      -0.262794317161568     
   2.37216333333333        4.74232666666667      -0.230257115609765     
   2.37216333333333        5.03859708333333      -0.203049676397845     
   2.37216333333333        5.33486750000000      -0.180848505373678     
   2.37216333333333        5.63113791666667      -0.162960527615389     
   2.37216333333333        5.92740833333333      -0.147902391973314     
   2.37216333333333        6.22367875000000      -0.134773765792726     
   2.37216333333333        6.51994916666667      -0.123050893484171     
   2.37216333333333        6.81621958333333      -0.112529941182324     
   2.37216333333333        7.11249000000000      -0.103129525115609     
   2.66843375000000       2.000000000000000E-003 -0.327945014649307     
   2.66843375000000       0.298270416666667      -0.364910268967469     
   2.66843375000000       0.594540833333333      -0.402508029842119     
   2.66843375000000       0.890811250000000      -0.437635351152615     
   2.66843375000000        1.18708166666667      -0.467868851937604     
   2.66843375000000        1.48335208333333      -0.493794166910298     
   2.66843375000000        1.77962250000000      -0.516165020782286     
   2.66843375000000        2.07589291666667      -0.527337718777328     
   2.66843375000000        2.37216333333333      -0.524322047769924     
   2.66843375000000        2.66843375000000      -0.505998128106461     
   2.66843375000000        2.96470416666667      -0.473504070668622     
   2.66843375000000        3.26097458333333      -0.432868117514423     
   2.66843375000000        3.55724500000000      -0.389961998742139     
   2.66843375000000        3.85351541666667      -0.344602778409422     
   2.66843375000000        4.14978583333333      -0.300225838421681     
   2.66843375000000        4.44605625000000      -0.261375953411707     
   2.66843375000000        4.74232666666667      -0.228665709358004     
   2.66843375000000        5.03859708333333      -0.201482231783395     
   2.66843375000000        5.33486750000000      -0.179327500104608     
   2.66843375000000        5.63113791666667      -0.161560162436298     
   2.66843375000000        5.92740833333333      -0.146610129412202     
   2.66843375000000        6.22367875000000      -0.133439146481360     
   2.66843375000000        6.51994916666667      -0.121676605944794     
   2.66843375000000        6.81621958333333      -0.111211062714512     
   2.66843375000000        7.11249000000000      -0.101970428462180     
   2.96470416666667       2.000000000000000E-003 -0.307744305563523     
   2.96470416666667       0.298270416666667      -0.339972021011912     
   2.96470416666667       0.594540833333333      -0.372374546561583     
   2.96470416666667       0.890811250000000      -0.402521297151444     
   2.96470416666667        1.18708166666667      -0.429010732372159     
   2.96470416666667        1.48335208333333      -0.453719047039494     
   2.96470416666667        1.77962250000000      -0.474181857324304     
   2.96470416666667        2.07589291666667      -0.486021861047154     
   2.96470416666667        2.37216333333333      -0.486717316429781     
   2.96470416666667        2.66843375000000      -0.473504007836163     
   2.96470416666667        2.96470416666667      -0.446405444033615     
   2.96470416666667        3.26097458333333      -0.414414372205611     
   2.96470416666667        3.55724500000000      -0.383251022919366     
   2.96470416666667        3.85351541666667      -0.341668256190892     
   2.96470416666667        4.14978583333333      -0.298148295645396     
   2.96470416666667        4.44605625000000      -0.260067974152627     
   2.96470416666667        4.74232666666667      -0.227433208798947     
   2.96470416666667        5.03859708333333      -0.200050424816909     
   2.96470416666667        5.33486750000000      -0.177674263783574     
   2.96470416666667        5.63113791666667      -0.159627302072070     
   2.96470416666667        5.92740833333333      -0.144637803753612     
   2.96470416666667        6.22367875000000      -0.131441852353937     
   2.96470416666667        6.51994916666667      -0.119748655671923     
   2.96470416666667        6.81621958333333      -0.109483862273980     
   2.96470416666667        7.11249000000000      -0.100529587774603     
   3.26097458333333       2.000000000000000E-003 -0.285833273542283     
   3.26097458333333       0.298270416666667      -0.313022937146980     
   3.26097458333333       0.594540833333333      -0.339978714571522     
   3.26097458333333       0.890811250000000      -0.364930489866648     
   3.26097458333333        1.18708166666667      -0.387185574616942     
   3.26097458333333        1.48335208333333      -0.408307930233048     
   3.26097458333333        1.77962250000000      -0.426132394720795     
   3.26097458333333        2.07589291666667      -0.437467151783538     
   3.26097458333333        2.37216333333333      -0.440484509950067     
   3.26097458333333        2.66843375000000      -0.432868121624030     
   3.26097458333333        2.96470416666667      -0.414414519255056     
   3.26097458333333        3.26097458333333      -0.395174715972336     
   3.26097458333333        3.55724500000000      -0.373315681211058     
   3.26097458333333        3.85351541666667      -0.335333739835663     
   3.26097458333333        4.14978583333333      -0.298285212819256     
   3.26097458333333        4.44605625000000      -0.260801795370224     
   3.26097458333333        4.74232666666667      -0.226779326501067     
   3.26097458333333        5.03859708333333      -0.198261043865772     
   3.26097458333333        5.33486750000000      -0.175279111400520     
   3.26097458333333        5.63113791666667      -0.156861570579349     
   3.26097458333333        5.92740833333333      -0.141656473173801     
   3.26097458333333        6.22367875000000      -0.128515630430186     
   3.26097458333333        6.51994916666667      -0.117065120300412     
   3.26097458333333        6.81621958333333      -0.107187475061224     
   3.26097458333333        7.11249000000000      -9.866250027749303E-002
   3.55724500000000       2.000000000000000E-003 -0.263441031595859     
   3.55724500000000       0.298270416666667      -0.285840986469563     
   3.55724500000000       0.594540833333333      -0.307759481225543     
   3.55724500000000       0.890811250000000      -0.327973003725716     
   3.55724500000000        1.18708166666667      -0.346119027660915     
   3.55724500000000        1.48335208333333      -0.363288417355005     
   3.55724500000000        1.77962250000000      -0.377694629079221     
   3.55724500000000        2.07589291666667      -0.387619637300898     
   3.55724500000000        2.37216333333333      -0.391835733413425     
   3.55724500000000        2.66843375000000      -0.389962007109539     
   3.55724500000000        2.96470416666667      -0.383251119950515     
   3.55724500000000        3.26097458333333      -0.373315740411607     
   3.55724500000000        3.55724500000000      -0.347158067494007     
   3.55724500000000        3.85351541666667      -0.333696187047656     
   3.55724500000000        4.14978583333333      -0.301278046474740     
   3.55724500000000        4.44605625000000      -0.260187153103359     
   3.55724500000000        4.74232666666667      -0.223457994299319     
   3.55724500000000        5.03859708333333      -0.193810077909920     
   3.55724500000000        5.33486750000000      -0.170608108804518     
   3.55724500000000        5.63113791666667      -0.152284517250876     
   3.55724500000000        5.92740833333333      -0.137226041686318     
   3.55724500000000        6.22367875000000      -0.124424681934565     
   3.55724500000000        6.51994916666667      -0.113486624695831     
   3.55724500000000        6.81621958333333      -0.104215709101234     
   3.55724500000000        7.11249000000000      -9.626072210423484E-002
   3.85351541666667       2.000000000000000E-003 -0.241771006995649     
   3.85351541666667       0.298270416666667      -0.260017120119068     
   3.85351541666667       0.594540833333333      -0.277668339366471     
   3.85351541666667       0.890811250000000      -0.293891186531811     
   3.85351541666667        1.18708166666667      -0.308430905762856     
   3.85351541666667        1.48335208333333      -0.321881749096652     
   3.85351541666667        1.77962250000000      -0.333184619898606     
   3.85351541666667        2.07589291666667      -0.340885422823827     
   3.85351541666667        2.37216333333333      -0.344570455975098     
   3.85351541666667        2.66843375000000      -0.344602713497917     
   3.85351541666667        2.96470416666667      -0.341668126025848     
   3.85351541666667        3.26097458333333      -0.335333583840619     
   3.85351541666667        3.55724500000000      -0.333696048635624     
   3.85351541666667        3.85351541666667      -0.323023832996613     
   3.85351541666667        4.14978583333333      -0.289194800729040     
   3.85351541666667        4.44605625000000      -0.248522052642396     
   3.85351541666667        4.74232666666667      -0.212654124491322     
   3.85351541666667        5.03859708333333      -0.184210891034076     
   3.85351541666667        5.33486750000000      -0.162322803340785     
   3.85351541666667        5.63113791666667      -0.145204350440941     
   3.85351541666667        5.92740833333333      -0.131107984976197     
   3.85351541666667        6.22367875000000      -0.119128519396015     
   3.85351541666667        6.51994916666667      -0.109038528955746     
   3.85351541666667        6.81621958333333      -0.100590540825514     
   3.85351541666667        7.11249000000000      -9.331447114308065E-002
   4.14978583333333       2.000000000000000E-003 -0.221593781732988     
   4.14978583333333       0.298270416666667      -0.236424520862264     
   4.14978583333333       0.594540833333333      -0.250603587192981     
   4.14978583333333       0.890811250000000      -0.263555626215746     
   4.14978583333333        1.18708166666667      -0.275053506540380     
   4.14978583333333        1.48335208333333      -0.285382728406168     
   4.14978583333333        1.77962250000000      -0.293761619738850     
   4.14978583333333        2.07589291666667      -0.299029545223389     
   4.14978583333333        2.37216333333333      -0.300997509117843     
   4.14978583333333        2.66843375000000      -0.300225763228060     
   4.14978583333333        2.96470416666667      -0.298148178067137     
   4.14978583333333        3.26097458333333      -0.298285076018488     
   4.14978583333333        3.55724500000000      -0.301277852324264     
   4.14978583333333        3.85351541666667      -0.289194593995223     
   4.14978583333333        4.14978583333333      -0.259324898118264     
   4.14978583333333        4.44605625000000      -0.224922716503509     
   4.14978583333333        4.74232666666667      -0.194180339102388     
   4.14978583333333        5.03859708333333      -0.169605909569080     
   4.14978583333333        5.33486750000000      -0.150701070724202     
   4.14978583333333        5.63113791666667      -0.135948231299987     
   4.14978583333333        5.92740833333333      -0.123594645098138     
   4.14978583333333        6.22367875000000      -0.112902235794426     
   4.14978583333333        6.51994916666667      -0.103962493211642     
   4.14978583333333        6.81621958333333      -9.649457654199448E-002
   4.14978583333333        7.11249000000000      -8.994611235086285E-002
   4.44605625000000       2.000000000000000E-003 -0.203198827933512     
   4.44605625000000       0.298270416666667      -0.215264948149689     
   4.44605625000000       0.594540833333333      -0.226616467026311     
   4.44605625000000       0.890811250000000      -0.236848824940950     
   4.44605625000000        1.18708166666667      -0.245749118331578     
   4.44605625000000        1.48335208333333      -0.253356044940832     
   4.44605625000000        1.77962250000000      -0.259308710418440     
   4.44605625000000        2.07589291666667      -0.262426831752274     
   4.44605625000000        2.37216333333333      -0.262794241828505     
   4.44605625000000        2.66843375000000      -0.261375895442567     
   4.44605625000000        2.96470416666667      -0.260067896325667     
   4.44605625000000        3.26097458333333      -0.260801649367886     
   4.44605625000000        3.55724500000000      -0.260186877401824     
   4.44605625000000        3.85351541666667      -0.248521712005701     
   4.44605625000000        4.14978583333333      -0.224922507478961     
   4.44605625000000        4.44605625000000      -0.197595831524836     
   4.44605625000000        4.74232666666667      -0.172855304607249     
   4.44605625000000        5.03859708333333      -0.152933574174661     
   4.44605625000000        5.33486750000000      -0.137709764053954     
   4.44605625000000        5.63113791666667      -0.125925132237373     
   4.44605625000000        5.92740833333333      -0.115440101301111     
   4.44605625000000        6.22367875000000      -0.106281048765799     
   4.44605625000000        6.51994916666667      -9.865436274660150E-002
   4.44605625000000        6.81621958333333      -9.221053445523673E-002
   4.44605625000000        7.11249000000000      -8.636089335352388E-002
   4.74232666666667       2.000000000000000E-003 -0.186638342112732     
   4.74232666666667       0.298270416666667      -0.196442921716222     
   4.74232666666667       0.594540833333333      -0.205440299156405     
   4.74232666666667       0.890811250000000      -0.213355528066039     
   4.74232666666667        1.18708166666667      -0.220014026403707     
   4.74232666666667        1.48335208333333      -0.225344363181153     
   4.74232666666667        1.77962250000000      -0.229218523262576     
   4.74232666666667        2.07589291666667      -0.230809322017447     
   4.74232666666667        2.37216333333333      -0.230257053582750     
   4.74232666666667        2.66843375000000      -0.228665663079382     
   4.74232666666667        2.96470416666667      -0.227433140553163     
   4.74232666666667        3.26097458333333      -0.226779173415931     
   4.74232666666667        3.55724500000000      -0.223457710030712     
   4.74232666666667        3.85351541666667      -0.212653762933461     
   4.74232666666667        4.14978583333333      -0.194180037939165     
   4.74232666666667        4.44605625000000      -0.172855154330677     
   4.74232666666667        4.74232666666667      -0.153274933743404     
   4.74232666666667        5.03859708333333      -0.137524065933554     
   4.74232666666667        5.33486750000000      -0.125757084589032     
   4.74232666666667        5.63113791666667      -0.116325608376527     
   4.74232666666667        5.92740833333333      -0.107457730732047     
   4.74232666666667        6.22367875000000      -9.983801148825371E-002
   4.74232666666667        6.51994916666667      -9.350193765648249E-002
   4.74232666666667        6.81621958333333      -8.800028871206324E-002
   4.74232666666667        7.11249000000000      -8.276012583908207E-002
   5.03859708333333       2.000000000000000E-003 -0.172016233550357     
   5.03859708333333       0.298270416666667      -0.179927560953043     
   5.03859708333333       0.594540833333333      -0.186901749651154     
   5.03859708333333       0.890811250000000      -0.192810767336956     
   5.03859708333333        1.18708166666667      -0.197570427899062     
   5.03859708333333        1.48335208333333      -0.201112415953461     
   5.03859708333333        1.77962250000000      -0.203333570880454     
   5.03859708333333        2.07589291666667      -0.203974042029084     
   5.03859708333333        2.37216333333333      -0.203049637795815     
   5.03859708333333        2.66843375000000      -0.201482205058784     
   5.03859708333333        2.96470416666667      -0.200050376197348     
   5.03859708333333        3.26097458333333      -0.198260923602016     
   5.03859708333333        3.55724500000000      -0.193809851409030     
   5.03859708333333        3.85351541666667      -0.184210585705091     
   5.03859708333333        4.14978583333333      -0.169605607758357     
   5.03859708333333        4.44605625000000      -0.152933351426473     
   5.03859708333333        4.74232666666667      -0.137523955800083     
   5.03859708333333        5.03859708333333      -0.125270413009033     
   5.03859708333333        5.33486750000000      -0.116101687070862     
   5.03859708333333        5.63113791666667      -0.107671801638819     
   5.03859708333333        5.92740833333333      -0.100189715772504     
   5.03859708333333        6.22367875000000      -9.393225030840868E-002
   5.03859708333333        6.51994916666667      -8.869828255225144E-002
   5.03859708333333        6.81621958333333      -8.399630835050632E-002
   5.03859708333333        7.11249000000000      -7.928302398187952E-002
   5.33486750000000       2.000000000000000E-003 -0.159433810317115     
   5.33486750000000       0.298270416666667      -0.165746968990660     
   5.33486750000000       0.594540833333333      -0.170955324764669     
   5.33486750000000       0.890811250000000      -0.175122773848002     
   5.33486750000000        1.18708166666667      -0.178309674517827     
   5.33486750000000        1.48335208333333      -0.180532683932461     
   5.33486750000000        1.77962250000000      -0.181734521986870     
   5.33486750000000        2.07589291666667      -0.181842440232327     
   5.33486750000000        2.37216333333333      -0.180848497024712     
   5.33486750000000        2.66843375000000      -0.179327499032913     
   5.33486750000000        2.96470416666667      -0.177674242612709     
   5.33486750000000        3.26097458333333      -0.175279034384168     
   5.33486750000000        3.55724500000000      -0.170607947497976     
   5.33486750000000        3.85351541666667      -0.162322564285827     
   5.33486750000000        4.14978583333333      -0.150700797740830     
   5.33486750000000        4.44605625000000      -0.137709514940976     
   5.33486750000000        4.74232666666667      -0.125756906958098     
   5.33486750000000        5.03859708333333      -0.116101604166263     
   5.33486750000000        5.33486750000000      -0.107590287536295     
   5.33486750000000        5.63113791666667      -0.100116065925425     
   5.33486750000000        5.92740833333333      -9.379070693507109E-002
   5.33486750000000        6.22367875000000      -8.864104591495307E-002
   5.33486750000000        6.51994916666667      -8.433490737491120E-002
   5.33486750000000        6.81621958333333      -8.031395442994822E-002
   5.33486750000000        7.11249000000000      -7.609508002785337E-002
   5.63113791666667       2.000000000000000E-003 -0.148845114865783     
   5.63113791666667       0.298270416666667      -0.153777490632411     
   5.63113791666667       0.594540833333333      -0.157410401307299     
   5.63113791666667       0.890811250000000      -0.160088640144595     
   5.63113791666667        1.18708166666667      -0.162024730571860     
   5.63113791666667        1.48335208333333      -0.163289218824613     
   5.63113791666667        1.77962250000000      -0.163878780007092     
   5.63113791666667        2.07589291666667      -0.163761265254292     
   5.63113791666667        2.37216333333333      -0.162960545792643     
   5.63113791666667        2.66843375000000      -0.161560175030209     
   5.63113791666667        2.96470416666667      -0.159627291994276     
   5.63113791666667        3.26097458333333      -0.156861512674829     
   5.63113791666667        3.55724500000000      -0.152284390649667     
   5.63113791666667        3.85351541666667      -0.145204152019482     
   5.63113791666667        4.14978583333333      -0.135947985371132     
   5.63113791666667        4.44605625000000      -0.125924885322064     
   5.63113791666667        4.74232666666667      -0.116325409023935     
   5.63113791666667        5.03859708333333      -0.107671682334449     
   5.63113791666667        5.33486750000000      -0.100116028955855     
   5.63113791666667        5.63113791666667      -9.365145485506371E-002
   5.63113791666667        5.92740833333333      -8.834759552045833E-002
   5.63113791666667        6.22367875000000      -8.413297285512597E-002
   5.63113791666667        6.51994916666667      -8.058761348571994E-002
   5.63113791666667        6.81621958333333      -7.712159904540164E-002
   5.63113791666667        7.11249000000000      -7.331491044088956E-002
   5.92740833333333       2.000000000000000E-003 -0.140082175520135     
   5.92740833333333       0.298270416666667      -0.143763830079798     
   5.92740833333333       0.594540833333333      -0.145910477657560     
   5.92740833333333       0.890811250000000      -0.147304341493098     
   5.92740833333333        1.18708166666667      -0.148257516598962     
   5.92740833333333        1.48335208333333      -0.148809766273677     
   5.92740833333333        1.77962250000000      -0.148955696571293     
   5.92740833333333        2.07589291666667      -0.148669726672598     
   5.92740833333333        2.37216333333333      -0.147902433483059     
   5.92740833333333        2.66843375000000      -0.146610152209478     
   5.92740833333333        2.96470416666667      -0.144637791276497     
   5.92740833333333        3.26097458333333      -0.141656413326029     
   5.92740833333333        3.55724500000000      -0.137225926177995     
   5.92740833333333        3.85351541666667      -0.131107814759921     
   5.92740833333333        4.14978583333333      -0.123594437080075     
   5.92740833333333        4.44605625000000      -0.115439888853579     
   5.92740833333333        4.74232666666667      -0.107457556687718     
   5.92740833333333        5.03859708333333      -0.100189620413758     
   5.92740833333333        5.33486750000000      -9.379070921359307E-002
   5.92740833333333        5.63113791666667      -8.834763782685252E-002
   5.92740833333333        5.92740833333333      -8.397561307383920E-002
   5.92740833333333        6.22367875000000      -8.053631915856045E-002
   5.92740833333333        6.51994916666667      -7.757924220881378E-002
   5.92740833333333        6.81621958333333      -7.449777148786368E-002
   5.92740833333333        7.11249000000000      -7.094896060506835E-002
   6.22367875000000       2.000000000000000E-003 -0.132710718882527     
   6.22367875000000       0.298270416666667      -0.135128931049486     
   6.22367875000000       0.594540833333333      -0.135855852576235     
   6.22367875000000       0.890811250000000      -0.136246461855644     
   6.22367875000000        1.18708166666667      -0.136445140760822     
   6.22367875000000        1.48335208333333      -0.136413059452573     
   6.22367875000000        1.77962250000000      -0.136152360084462     
   6.22367875000000        2.07589291666667      -0.135638680443072     
   6.22367875000000        2.37216333333333      -0.134773820961449     
   6.22367875000000        2.66843375000000      -0.133439179552556     
   6.22367875000000        2.96470416666667      -0.131441849008318     
   6.22367875000000        3.26097458333333      -0.128515586110128     
   6.22367875000000        3.55724500000000      -0.124424597191498     
   6.22367875000000        3.85351541666667      -0.119128398885740     
   6.22367875000000        4.14978583333333      -0.112902091774856     
   6.22367875000000        4.44605625000000      -0.106280905764782     
   6.22367875000000        4.74232666666667      -9.983790802393941E-002
   6.22367875000000        5.03859708333333      -9.393223641499646E-002
   6.22367875000000        5.33486750000000      -8.864114155460091E-002
   6.22367875000000        5.63113791666667      -8.413310993907769E-002
   6.22367875000000        5.92740833333333      -8.053641942508928E-002
   6.22367875000000        6.22367875000000      -7.774025490219091E-002
   6.22367875000000        6.51994916666667      -7.528136988689244E-002
   6.22367875000000        6.81621958333333      -7.240155024375819E-002
   6.22367875000000        7.11249000000000      -6.885288132505440E-002
   6.51994916666667       2.000000000000000E-003 -0.125747380585750     
   6.51994916666667       0.298270416666667      -0.126844552814189     
   6.51994916666667       0.594540833333333      -0.126621276270050     
   6.51994916666667       0.890811250000000      -0.126467942004619     
   6.51994916666667        1.18708166666667      -0.126073666912405     
   6.51994916666667        1.48335208333333      -0.125498165423705     
   6.51994916666667        1.77962250000000      -0.124826584400934     
   6.51994916666667        2.07589291666667      -0.124045567912805     
   6.51994916666667        2.37216333333333      -0.123050956401366     
   6.51994916666667        2.66843375000000      -0.121676647946062     
   6.51994916666667        2.96470416666667      -0.119748666914707     
   6.51994916666667        3.26097458333333      -0.117065103118629     
   6.51994916666667        3.55724500000000      -0.113486585902372     
   6.51994916666667        3.85351541666667      -0.109038475088964     
   6.51994916666667        4.14978583333333      -0.103962432388498     
   6.51994916666667        4.44605625000000      -9.865431157366079E-002
   6.51994916666667        4.74232666666667      -9.350192963452486E-002
   6.51994916666667        5.03859708333333      -8.869837599142538E-002
   6.51994916666667        5.33486750000000      -8.433510056287460E-002
   6.51994916666667        5.63113791666667      -8.058784710718123E-002
   6.51994916666667        5.92740833333333      -7.757945284582091E-002
   6.51994916666667        6.22367875000000      -7.528149776172492E-002
   6.51994916666667        6.51994916666667      -7.330489249053350E-002
   6.51994916666667        6.81621958333333      -7.062830785167075E-002
   6.51994916666667        7.11249000000000      -6.683423195062396E-002
   6.81621958333333       2.000000000000000E-003 -0.117047906860450     
   6.81621958333333       0.298270416666667      -0.118066059832381     
   6.81621958333333       0.594540833333333      -0.118209603558784     
   6.81621958333333       0.890811250000000      -0.117643273308829     
   6.81621958333333        1.18708166666667      -0.116651030197936     
   6.81621958333333        1.48335208333333      -0.115590011010472     
   6.81621958333333        1.77962250000000      -0.114579309829995     
   6.81621958333333        2.07589291666667      -0.113595715537153     
   6.81621958333333        2.37216333333333      -0.112530009919380     
   6.81621958333333        2.66843375000000      -0.111211111463225     
   6.81621958333333        2.96470416666667      -0.109483888195242     
   6.81621958333333        3.26097458333333      -0.107187486978727     
   6.81621958333333        3.55724500000000      -0.104215718427212     
   6.81621958333333        3.85351541666667      -0.100590554629166     
   6.81621958333333        4.14978583333333      -9.649459863673386E-002
   6.81621958333333        4.44605625000000      -9.221057333041688E-002
   6.81621958333333        4.74232666666667      -8.800036993301562E-002
   6.81621958333333        5.03859708333333      -8.399648240534291E-002
   6.81621958333333        5.33486750000000      -8.031420824584891E-002
   6.81621958333333        5.63113791666667      -7.712188568349053E-002
   6.81621958333333        5.92740833333333      -7.449804568703473E-002
   6.81621958333333        6.22367875000000      -7.240176933317585E-002
   6.81621958333333        6.51994916666667      -7.062843472255077E-002
   6.81621958333333        6.81621958333333      -6.829785142098106E-002
   6.81621958333333        7.11249000000000      -6.446698903013293E-002
   7.11249000000000       2.000000000000000E-003 -0.106125571931595     
   7.11249000000000       0.298270416666667      -0.109624564935341     
   7.11249000000000       0.594540833333333      -0.110013791742492     
   7.11249000000000       0.890811250000000      -0.108933100451040     
   7.11249000000000        1.18708166666667      -0.107591910108873     
   7.11249000000000        1.48335208333333      -0.106316034901013     
   7.11249000000000        1.77962250000000      -0.105177588236300     
   7.11249000000000        2.07589291666667      -0.104144484924753     
   7.11249000000000        2.37216333333333      -0.103129594896856     
   7.11249000000000        2.66843375000000      -0.101970477749232     
   7.11249000000000        2.96470416666667      -0.100529621418136     
   7.11249000000000        3.26097458333333      -9.866253240251689E-002
   7.11249000000000        3.55724500000000      -9.626076720233924E-002
   7.11249000000000        3.85351541666667      -9.331453607793790E-002
   7.11249000000000        4.14978583333333      -8.994619687997900E-002
   7.11249000000000        4.44605625000000      -8.636099802027718E-002
   7.11249000000000        4.74232666666667      -8.276026518110201E-002
   7.11249000000000        5.03859708333333      -7.928323317172237E-002
   7.11249000000000        5.33486750000000      -7.609534041623231E-002
   7.11249000000000        5.63113791666667      -7.331518875361287E-002
   7.11249000000000        5.92740833333333      -7.094922550274478E-002
   7.11249000000000        6.22367875000000      -6.885310147500945E-002
   7.11249000000000        6.51994916666667      -6.683438114591315E-002
   7.11249000000000        6.81621958333333      -6.446707082402210E-002
   7.11249000000000        7.11249000000000      -6.051851278169956E-002
