  2.000000000000000E-003  2.000000000000000E-003 -0.214605692522728     
  2.000000000000000E-003  0.298270416666667      -0.215218728053177     
  2.000000000000000E-003  0.594540833333333      -0.207696800670747     
  2.000000000000000E-003  0.890811250000000      -0.196836611240873     
  2.000000000000000E-003   1.18708166666667      -0.185424011918913     
  2.000000000000000E-003   1.48335208333333      -0.174370455967975     
  2.000000000000000E-003   1.77962250000000      -0.164026763430264     
  2.000000000000000E-003   2.07589291666667      -0.154483562713283     
  2.000000000000000E-003   2.37216333333333      -0.145707048342581     
  2.000000000000000E-003   2.66843375000000      -0.137604948589823     
  2.000000000000000E-003   2.96470416666667      -0.129981883464050     
  2.000000000000000E-003   3.26097458333333      -0.122658372783894     
  2.000000000000000E-003   3.55724500000000      -0.115495432424915     
  2.000000000000000E-003   3.85351541666667      -0.108435411263803     
  2.000000000000000E-003   4.14978583333333      -0.101528800608515     
  2.000000000000000E-003   4.44605625000000      -9.490519725912713E-002
  2.000000000000000E-003   4.74232666666667      -8.871777154006671E-002
  2.000000000000000E-003   5.03859708333333      -8.309515783348245E-002
  2.000000000000000E-003   5.33486750000000      -7.811671275794846E-002
  2.000000000000000E-003   5.63113791666667      -7.380050397896339E-002
  2.000000000000000E-003   5.92740833333333      -7.011386096224988E-002
  2.000000000000000E-003   6.22367875000000      -6.692986422642047E-002
  2.000000000000000E-003   6.51994916666667      -6.391236374313387E-002
  2.000000000000000E-003   6.81621958333333      -6.019927743590720E-002
  2.000000000000000E-003   7.11249000000000      -5.547814288712941E-002
  0.298270416666667       2.000000000000000E-003 -0.239136587661857     
  0.298270416666667       0.298270416666667      -0.233070157370108     
  0.298270416666667       0.594540833333333      -0.224526900365323     
  0.298270416666667       0.890811250000000      -0.213989075262307     
  0.298270416666667        1.18708166666667      -0.202028071898887     
  0.298270416666667        1.48335208333333      -0.189879860904132     
  0.298270416666667        1.77962250000000      -0.178228096988640     
  0.298270416666667        2.07589291666667      -0.167314487615197     
  0.298270416666667        2.37216333333333      -0.157199379623112     
  0.298270416666667        2.66843375000000      -0.147876798344959     
  0.298270416666667        2.96470416666667      -0.139128690293239     
  0.298270416666667        3.26097458333333      -0.130767247361150     
  0.298270416666667        3.55724500000000      -0.122658950739636     
  0.298270416666667        3.85351541666667      -0.114753548011668     
  0.298270416666667        4.14978583333333      -0.107099068925034     
  0.298270416666667        4.44605625000000      -9.981397723457382E-002
  0.298270416666667        4.74232666666667      -9.303802373984481E-002
  0.298270416666667        5.03859708333333      -8.688875561209208E-002
  0.298270416666667        5.33486750000000      -8.142415849489425E-002
  0.298270416666667        5.63113791666667      -7.664884207127880E-002
  0.298270416666667        5.92740833333333      -7.251155668603933E-002
  0.298270416666667        6.22367875000000      -6.884943628543989E-002
  0.298270416666667        6.51994916666667      -6.527294245706081E-002
  0.298270416666667        6.81621958333333      -6.118640784726384E-002
  0.298270416666667        7.11249000000000      -5.739217183424370E-002
  0.594540833333333       2.000000000000000E-003 -0.259195211720696     
  0.594540833333333       0.298270416666667      -0.253147156396324     
  0.594540833333333       0.594540833333333      -0.242732398043785     
  0.594540833333333       0.890811250000000      -0.231441462049033     
  0.594540833333333        1.18708166666667      -0.218893408153178     
  0.594540833333333        1.48335208333333      -0.205782472570116     
  0.594540833333333        1.77962250000000      -0.192891855372345     
  0.594540833333333        2.07589291666667      -0.180626101658954     
  0.594540833333333        2.37216333333333      -0.169181630408175     
  0.594540833333333        2.66843375000000      -0.158582763436266     
  0.594540833333333        2.96470416666667      -0.148623887001109     
  0.594540833333333        3.26097458333333      -0.139130118243268     
  0.594540833333333        3.55724500000000      -0.129983665102370     
  0.594540833333333        3.85351541666667      -0.121149384345646     
  0.594540833333333        4.14978583333333      -0.112676716595905     
  0.594540833333333        4.44605625000000      -0.104670568518305     
  0.594540833333333        4.74232666666667      -9.724907615605385E-002
  0.594540833333333        5.03859708333333      -9.050484374075564E-002
  0.594540833333333        5.33486750000000      -8.447688817366368E-002
  0.594540833333333        5.63113791666667      -7.914111329688618E-002
  0.594540833333333        5.92740833333333      -7.442543236222102E-002
  0.594540833333333        6.22367875000000      -7.014645329701255E-002
  0.594540833333333        6.51994916666667      -6.598115557453847E-002
  0.594540833333333        6.81621958333333      -6.177177719639106E-002
  0.594540833333333        7.11249000000000      -5.812816320058044E-002
  0.890811250000000       2.000000000000000E-003 -0.279962489299905     
  0.890811250000000       0.298270416666667      -0.275222680845475     
  0.890811250000000       0.594540833333333      -0.264506187744673     
  0.890811250000000       0.890811250000000      -0.251555764369032     
  0.890811250000000        1.18708166666667      -0.237439680551400     
  0.890811250000000        1.48335208333333      -0.222821706280878     
  0.890811250000000        1.77962250000000      -0.208389906508704     
  0.890811250000000        2.07589291666667      -0.194618562165755     
  0.890811250000000        2.37216333333333      -0.181784104968522     
  0.890811250000000        2.66843375000000      -0.169831796884878     
  0.890811250000000        2.96470416666667      -0.158586523861568     
  0.890811250000000        3.26097458333333      -0.147881535627786     
  0.890811250000000        3.55724500000000      -0.137609260647867     
  0.890811250000000        3.85351541666667      -0.127753610301119     
  0.890811250000000        4.14978583333333      -0.118377126358027     
  0.890811250000000        4.44605625000000      -0.109577026457692     
  0.890811250000000        4.74232666666667      -0.101445047684745     
  0.890811250000000        5.03859708333333      -9.404418703801970E-002
  0.890811250000000        5.33486750000000      -8.739176534048713E-002
  0.890811250000000        5.63113791666667      -8.145141435366382E-002
  0.890811250000000        5.92740833333333      -7.615323529185695E-002
  0.890811250000000        6.22367875000000      -7.135260248734100E-002
  0.890811250000000        6.51994916666667      -6.686138803206874E-002
  0.890811250000000        6.81621958333333      -6.263086520505408E-002
  0.890811250000000        7.11249000000000      -5.881014499121839E-002
   1.18708166666667       2.000000000000000E-003 -0.303687070460046     
   1.18708166666667       0.298270416666667      -0.299560429922065     
   1.18708166666667       0.594540833333333      -0.288868376412070     
   1.18708166666667       0.890811250000000      -0.274469104538880     
   1.18708166666667        1.18708166666667      -0.258303854427070     
   1.18708166666667        1.48335208333333      -0.241565655586966     
   1.18708166666667        1.77962250000000      -0.225139623600824     
   1.18708166666667        2.07589291666667      -0.209624921594546     
   1.18708166666667        2.37216333333333      -0.195209631920804     
   1.18708166666667        2.66843375000000      -0.181791755863251     
   1.18708166666667        2.96470416666667      -0.169192708634363     
   1.18708166666667        3.26097458333333      -0.157210305803754     
   1.18708166666667        3.55724500000000      -0.145715706993247     
   1.18708166666667        3.85351541666667      -0.134716512423019     
   1.18708166666667        4.14978583333333      -0.124319390923422     
   1.18708166666667        4.44605625000000      -0.114634206893648     
   1.18708166666667        4.74232666666667      -0.105722470787916     
   1.18708166666667        5.03859708333333      -9.760756533746710E-002
   1.18708166666667        5.33486750000000      -9.028768565808108E-002
   1.18708166666667        5.63113791666667      -8.373517264845409E-002
   1.18708166666667        5.92740833333333      -7.789594181174339E-002
   1.18708166666667        6.22367875000000      -7.267057094470322E-002
   1.18708166666667        6.51994916666667      -6.792444877439081E-002
   1.18708166666667        6.81621958333333      -6.355543582877307E-002
   1.18708166666667        7.11249000000000      -5.949325212621730E-002
   1.48335208333333       2.000000000000000E-003 -0.331096613009707     
   1.48335208333333       0.298270416666667      -0.327070323174878     
   1.48335208333333       0.594540833333333      -0.315942338534077     
   1.48335208333333       0.890811250000000      -0.300051567307374     
   1.48335208333333        1.18708166666667      -0.281545916087228     
   1.48335208333333        1.48335208333333      -0.262228886293581     
   1.48335208333333        1.77962250000000      -0.243446385336316     
   1.48335208333333        2.07589291666667      -0.225883157194162     
   1.48335208333333        2.37216333333333      -0.209637082389684     
   1.48335208333333        2.66843375000000      -0.194638746875575     
   1.48335208333333        2.96470416666667      -0.180648908305214     
   1.48335208333333        3.26097458333333      -0.167334957021934     
   1.48335208333333        3.55724500000000      -0.154498522318333     
   1.48335208333333        3.85351541666667      -0.142170401067906     
   1.48335208333333        4.14978583333333      -0.130561272073754     
   1.48335208333333        4.44605625000000      -0.119875433909972     
   1.48335208333333        4.74232666666667      -0.110120079700747     
   1.48335208333333        5.03859708333333      -0.101246701576886     
   1.48335208333333        5.33486750000000      -9.323028627509197E-002
   1.48335208333333        5.63113791666667      -8.605835712904367E-002
   1.48335208333333        5.92740833333333      -7.969815852044780E-002
   1.48335208333333        6.22367875000000      -7.407797636353235E-002
   1.48335208333333        6.51994916666667      -6.905766725082690E-002
   1.48335208333333        6.81621958333333      -6.446810301867352E-002
   1.48335208333333        7.11249000000000      -6.016083831105708E-002
   1.77962250000000       2.000000000000000E-003 -0.362370026667367     
   1.77962250000000       0.298270416666667      -0.358157109165505     
   1.77962250000000       0.594540833333333      -0.346019670155430     
   1.77962250000000       0.890811250000000      -0.328143610342744     
   1.77962250000000        1.18708166666667      -0.306974073154098     
   1.77962250000000        1.48335208333333      -0.284831346244396     
   1.77962250000000        1.77962250000000      -0.263441031595858     
   1.77962250000000        2.07589291666667      -0.243462678038296     
   1.77962250000000        2.37216333333333      -0.225168180492828     
   1.77962250000000        2.66843375000000      -0.208425332299343     
   1.77962250000000        2.96470416666667      -0.192928184456323     
   1.77962250000000        3.26097458333333      -0.178259742618336     
   1.77962250000000        3.55724500000000      -0.164050027218203     
   1.77962250000000        3.85351541666667      -0.150285812322244     
   1.77962250000000        4.14978583333333      -0.137271573018529     
   1.77962250000000        4.44605625000000      -0.125342082098315     
   1.77962250000000        4.74232666666667      -0.114599898543447     
   1.77962250000000        5.03859708333333      -0.104938425519222     
   1.77962250000000        5.33486750000000      -9.620288550378012E-002
   1.77962250000000        5.63113791666667      -8.839864226839263E-002
   1.77962250000000        5.92740833333333      -8.152367120608282E-002
   1.77962250000000        6.22367875000000      -7.551291280479772E-002
   1.77962250000000        6.51994916666667      -7.020371651487525E-002
   1.77962250000000        6.81621958333333      -6.538059522945334E-002
   1.77962250000000        7.11249000000000      -6.085413675277084E-002
   2.07589291666667       2.000000000000000E-003 -0.397044667601333     
   2.07589291666667       0.298270416666667      -0.392197637624497     
   2.07589291666667       0.594540833333333      -0.378689677911761     
   2.07589291666667       0.890811250000000      -0.358389657868923     
   2.07589291666667        1.18708166666667      -0.334439240804302     
   2.07589291666667        1.48335208333333      -0.309282035125275     
   2.07589291666667        1.77962250000000      -0.284850781159551     
   2.07589291666667        2.07589291666667      -0.262266023858125     
   2.07589291666667        2.37216333333333      -0.241612216044065     
   2.07589291666667        2.66843375000000      -0.222873950892372     
   2.07589291666667        2.96470416666667      -0.205835780739799     
   2.07589291666667        3.26097458333333      -0.189926406093644     
   2.07589291666667        3.55724500000000      -0.174405324494336     
   2.07589291666667        3.85351541666667      -0.159070440130654     
   2.07589291666667        4.14978583333333      -0.144449866365043     
   2.07589291666667        4.44605625000000      -0.131115538237162     
   2.07589291666667        4.74232666666667      -0.119206730108329     
   2.07589291666667        5.03859708333333      -0.108603665248920     
   2.07589291666667        5.33486750000000      -9.912999144541493E-002
   2.07589291666667        5.63113791666667      -9.069087347029434E-002
   2.07589291666667        5.92740833333333      -8.330324906447906E-002
   2.07589291666667        6.22367875000000      -7.690927472966554E-002
   2.07589291666667        6.51994916666667      -7.132415098664839E-002
   2.07589291666667        6.81621958333333      -6.629432528082668E-002
   2.07589291666667        7.11249000000000      -6.158802453645137E-002
   2.37216333333333       2.000000000000000E-003 -0.434233028839929     
   2.37216333333333       0.298270416666667      -0.428918037108542     
   2.37216333333333       0.594540833333333      -0.413729068821701     
   2.37216333333333       0.890811250000000      -0.390851177091999     
   2.37216333333333        1.18708166666667      -0.363331442637871     
   2.37216333333333        1.48335208333333      -0.334456759069488     
   2.37216333333333        1.77962250000000      -0.307012317037643     
   2.37216333333333        2.07589291666667      -0.281603295372746     
   2.37216333333333        2.37216333333333      -0.258367257766276     
   2.37216333333333        2.66843375000000      -0.237507482480556     
   2.37216333333333        2.96470416666667      -0.218962746963588     
   2.37216333333333        3.26097458333333      -0.202094805663701     
   2.37216333333333        3.55724500000000      -0.185471823653826     
   2.37216333333333        3.85351541666667      -0.168393278505360     
   2.37216333333333        4.14978583333333      -0.151923422271975     
   2.37216333333333        4.44605625000000      -0.137064313479385     
   2.37216333333333        4.74232666666667      -0.123860945510615     
   2.37216333333333        5.03859708333333      -0.112153675730525     
   2.37216333333333        5.33486750000000      -0.101862164049474     
   2.37216333333333        5.63113791666667      -9.283467486579255E-002
   2.37216333333333        5.92740833333333      -8.496439804640381E-002
   2.37216333333333        6.22367875000000      -7.820515141580404E-002
   2.37216333333333        6.51994916666667      -7.237296790799526E-002
   2.37216333333333        6.81621958333333      -6.717472112040257E-002
   2.37216333333333        7.11249000000000      -6.234062462836110E-002
   2.66843375000000       2.000000000000000E-003 -0.472863146067066     
   2.66843375000000       0.298270416666667      -0.466721919496227     
   2.66843375000000       0.594540833333333      -0.449099868620227     
   2.66843375000000       0.890811250000000      -0.422545776839435     
   2.66843375000000        1.18708166666667      -0.390861381695650     
   2.66843375000000        1.48335208333333      -0.358427158830974     
   2.66843375000000        1.77962250000000      -0.328208264844901     
   2.66843375000000        2.07589291666667      -0.300130398483541     
   2.66843375000000        2.37216333333333      -0.274550452848184     
   2.66843375000000        2.66843375000000      -0.251636831666625     
   2.66843375000000        2.96470416666667      -0.231525271736387     
   2.66843375000000        3.26097458333333      -0.214074817116854     
   2.66843375000000        3.55724500000000      -0.196896978934123     
   2.66843375000000        3.85351541666667      -0.177870319955558     
   2.66843375000000        4.14978583333333      -0.159486500836249     
   2.66843375000000        4.44605625000000      -0.143172724117362     
   2.66843375000000        4.74232666666667      -0.128520620463517     
   2.66843375000000        5.03859708333333      -0.115488062631081     
   2.66843375000000        5.33486750000000      -0.104235738180858     
   2.66843375000000        5.63113791666667      -9.467442314093262E-002
   2.66843375000000        5.92740833333333      -8.642484169902032E-002
   2.66843375000000        6.22367875000000      -7.935565341967482E-002
   2.66843375000000        6.51994916666667      -7.330487462864600E-002
   2.66843375000000        6.81621958333333      -6.796789600534416E-002
   2.66843375000000        7.11249000000000      -6.303925045370151E-002
   2.96470416666667       2.000000000000000E-003 -0.506346707959801     
   2.96470416666667       0.298270416666667      -0.499303886276046     
   2.96470416666667       0.594540833333333      -0.479183617289421     
   2.96470416666667       0.890811250000000      -0.449108147775418     
   2.96470416666667        1.18708166666667      -0.413749681930113     
   2.96470416666667        1.48335208333333      -0.378755490495476     
   2.96470416666667        1.77962250000000      -0.346085734268080     
   2.96470416666667        2.07589291666667      -0.316034210492137     
   2.96470416666667        2.37216333333333      -0.288964491036037     
   2.96470416666667        2.66843375000000      -0.264604931629060     
   2.96470416666667        2.96470416666667      -0.242824399150306     
   2.96470416666667        3.26097458333333      -0.224624936914207     
   2.96470416666667        3.55724500000000      -0.207768257390462     
   2.96470416666667        3.85351541666667      -0.186838342366990     
   2.96470416666667        4.14978583333333      -0.167343588465205     
   2.96470416666667        4.44605625000000      -0.149711192214519     
   2.96470416666667        4.74232666666667      -0.133164799469950     
   2.96470416666667        5.03859708333333      -0.118479450217197     
   2.96470416666667        5.33486750000000      -0.106138002596755     
   2.96470416666667        5.63113791666667      -9.603790408054637E-002
   2.96470416666667        5.92740833333333      -8.756908192745538E-002
   2.96470416666667        6.22367875000000      -8.028339914380205E-002
   2.96470416666667        6.51994916666667      -7.406708946452698E-002
   2.96470416666667        6.81621958333333      -6.862302890922804E-002
   2.96470416666667        7.11249000000000      -6.362416973935260E-002
   3.26097458333333       2.000000000000000E-003 -0.529123272591783     
   3.26097458333333       0.298270416666667      -0.521343755005636     
   3.26097458333333       0.594540833333333      -0.499325673309076     
   3.26097458333333       0.890811250000000      -0.466747335263353     
   3.26097458333333        1.18708166666667      -0.428952323868263     
   3.26097458333333        1.48335208333333      -0.392263326050754     
   3.26097458333333        1.77962250000000      -0.358221594362125     
   3.26097458333333        2.07589291666667      -0.327152760299347     
   3.26097458333333        2.37216333333333      -0.299665039567076     
   3.26097458333333        2.66843375000000      -0.275332326968298     
   3.26097458333333        2.96470416666667      -0.253254547733848     
   3.26097458333333        3.26097458333333      -0.233169454635761     
   3.26097458333333        3.55724500000000      -0.215266710529477     
   3.26097458333333        3.85351541666667      -0.195227853773312     
   3.26097458333333        4.14978583333333      -0.176551309520126     
   3.26097458333333        4.44605625000000      -0.156444963523265     
   3.26097458333333        4.74232666666667      -0.137213194831891     
   3.26097458333333        5.03859708333333      -0.120746483200401     
   3.26097458333333        5.33486750000000      -0.107415794078055     
   3.26097458333333        5.63113791666667      -9.687616787783761E-002
   3.26097458333333        5.92740833333333      -8.829409347666944E-002
   3.26097458333333        6.22367875000000      -8.089277948784404E-002
   3.26097458333333        6.51994916666667      -7.457623573479806E-002
   3.26097458333333        6.81621958333333      -6.906412800729753E-002
   3.26097458333333        7.11249000000000      -6.402029378493457E-002
   3.55724500000000       2.000000000000000E-003 -0.537269015784247     
   3.55724500000000       0.298270416666667      -0.529174167467671     
   3.55724500000000       0.594540833333333      -0.506411388672391     
   3.55724500000000       0.890811250000000      -0.472917427641697     
   3.55724500000000        1.18708166666667      -0.434281066814551     
   3.55724500000000        1.48335208333333      -0.397114558973954     
   3.55724500000000        1.77962250000000      -0.362428298174670     
   3.55724500000000        2.07589291666667      -0.331166662373952     
   3.55724500000000        2.37216333333333      -0.303760431215246     
   3.55724500000000        2.66843375000000      -0.280035264422177     
   3.55724500000000        2.96470416666667      -0.259268230182917     
   3.55724500000000        3.26097458333333      -0.239177654119482     
   3.55724500000000        3.55724500000000      -0.214642442586995     
   3.55724500000000        3.85351541666667      -0.201278249656449     
   3.55724500000000        4.14978583333333      -0.182617387061127     
   3.55724500000000        4.44605625000000      -0.159876894964331     
   3.55724500000000        4.74232666666667      -0.138966019452867     
   3.55724500000000        5.03859708333333      -0.121636912680241     
   3.55724500000000        5.33486750000000      -0.107890007709213     
   3.55724500000000        5.63113791666667      -9.716037725458961E-002
   3.55724500000000        5.92740833333333      -8.854467874396642E-002
   3.55724500000000        6.22367875000000      -8.110948309581302E-002
   3.55724500000000        6.51994916666667      -7.475988795436132E-002
   3.55724500000000        6.81621958333333      -6.922427831961070E-002
   3.55724500000000        7.11249000000000      -6.416450045882899E-002
   3.85351541666667       2.000000000000000E-003 -0.529124164740835     
   3.85351541666667       0.298270416666667      -0.521340379342438     
   3.85351541666667       0.594540833333333      -0.499318651619310     
   3.85351541666667       0.890811250000000      -0.466737437024459     
   3.85351541666667        1.18708166666667      -0.428940321199201     
   3.85351541666667        1.48335208333333      -0.392249051633901     
   3.85351541666667        1.77962250000000      -0.358204214531774     
   3.85351541666667        2.07589291666667      -0.327130155998660     
   3.85351541666667        2.37216333333333      -0.299632500053577     
   3.85351541666667        2.66843375000000      -0.275281355923635     
   3.85351541666667        2.96470416666667      -0.253176978274918     
   3.85351541666667        3.26097458333333      -0.233087481785821     
   3.85351541666667        3.55724500000000      -0.215251179627990     
   3.85351541666667        3.85351541666667      -0.195295811288749     
   3.85351541666667        4.14978583333333      -0.176634267768488     
   3.85351541666667        4.44605625000000      -0.156499593013143     
   3.85351541666667        4.74232666666667      -0.137244970551931     
   3.85351541666667        5.03859708333333      -0.120766238680890     
   3.85351541666667        5.33486750000000      -0.107430288339538     
   3.85351541666667        5.63113791666667      -9.688902244310790E-002
   3.85351541666667        5.92740833333333      -8.830696938724673E-002
   3.85351541666667        6.22367875000000      -8.090597884882518E-002
   3.85351541666667        6.51994916666667      -7.458968990392714E-002
   3.85351541666667        6.81621958333333      -6.907750940187211E-002
   3.85351541666667        7.11249000000000      -6.403311782580705E-002
   4.14978583333333       2.000000000000000E-003 -0.506348236171044     
   4.14978583333333       0.298270416666667      -0.499297590040621     
   4.14978583333333       0.594540833333333      -0.479170478650712     
   4.14978583333333       0.890811250000000      -0.449089795363289     
   4.14978583333333        1.18708166666667      -0.413727595789349     
   4.14978583333333        1.48335208333333      -0.378729793658888     
   4.14978583333333        1.77962250000000      -0.346055482002654     
   4.14978583333333        2.07589291666667      -0.315997080187245     
   4.14978583333333        2.37216333333333      -0.288915848783042     
   4.14978583333333        2.66843375000000      -0.264538729966575     
   4.14978583333333        2.96470416666667      -0.242740326997710     
   4.14978583333333        3.26097458333333      -0.224546426235974     
   4.14978583333333        3.55724500000000      -0.207742043424747     
   4.14978583333333        3.85351541666667      -0.186887705330753     
   4.14978583333333        4.14978583333333      -0.167425672646383     
   4.14978583333333        4.44605625000000      -0.149780334609496     
   4.14978583333333        4.74232666666667      -0.133213003814743     
   4.14978583333333        5.03859708333333      -0.118513552829399     
   4.14978583333333        5.33486750000000      -0.106165136690174     
   4.14978583333333        5.63113791666667      -9.606283926584870E-002
   4.14978583333333        5.92740833333333      -8.759414109487193E-002
   4.14978583333333        6.22367875000000      -8.030903688343274E-002
   4.14978583333333        6.51994916666667      -7.409318070869512E-002
   4.14978583333333        6.81621958333333      -6.864893050582062E-002
   4.14978583333333        7.11249000000000      -6.364894039042329E-002
   4.44605625000000       2.000000000000000E-003 -0.472865132978634     
   4.44605625000000       0.298270416666667      -0.466713325163463     
   4.44605625000000       0.594540833333333      -0.449082104882557     
   4.44605625000000       0.890811250000000      -0.422521147475678     
   4.44605625000000        1.18708166666667      -0.390832160186137     
   4.44605625000000        1.48335208333333      -0.358394404460930     
   4.44605625000000        1.77962250000000      -0.328171368522287     
   4.44605625000000        2.07589291666667      -0.300088415729665     
   4.44605625000000        2.37216333333333      -0.274501818501703     
   4.44605625000000        2.66843375000000      -0.251580938719716     
   4.44605625000000        2.96470416666667      -0.231466845944214     
   4.44605625000000        3.26097458333333      -0.214029100919408     
   4.44605625000000        3.55724500000000      -0.196885860281162     
   4.44605625000000        3.85351541666667      -0.177904172944859     
   4.44605625000000        4.14978583333333      -0.159547681029050     
   4.44605625000000        4.44605625000000      -0.143235255804143     
   4.44605625000000        4.74232666666667      -0.128573179399438     
   4.44605625000000        5.03859708333333      -0.115531033301033     
   4.44605625000000        5.33486750000000      -0.104273178518506     
   4.44605625000000        5.63113791666667      -9.471020897184051E-002
   4.44605625000000        5.92740833333333      -8.646082938310735E-002
   4.44605625000000        6.22367875000000      -7.939242162513722E-002
   4.44605625000000        6.51994916666667      -7.334222867864645E-002
   4.44605625000000        6.81621958333333      -6.800488969487201E-002
   4.44605625000000        7.11249000000000      -6.307448829180425E-002
   4.74232666666667       2.000000000000000E-003 -0.434235119455968     
   4.74232666666667       0.298270416666667      -0.428907548876361     
   4.74232666666667       0.594540833333333      -0.413707876938787     
   4.74232666666667       0.890811250000000      -0.390822365786849     
   4.74232666666667        1.18708166666667      -0.363298004470639     
   4.74232666666667        1.48335208333333      -0.334420730766239     
   4.74232666666667        1.77962250000000      -0.306974041250633     
   4.74232666666667        2.07589291666667      -0.281563067400605     
   4.74232666666667        2.37216333333333      -0.258325982381993     
   4.74232666666667        2.66843375000000      -0.237467520252793     
   4.74232666666667        2.96470416666667      -0.218929410961826     
   4.74232666666667        3.26097458333333      -0.202076664047472     
   4.74232666666667        3.55724500000000      -0.185477676419511     
   4.74232666666667        3.85351541666667      -0.168425722364357     
   4.74232666666667        4.14978583333333      -0.151974326802554     
   4.74232666666667        4.44605625000000      -0.137120857629080     
   4.74232666666667        4.74232666666667      -0.123914797973299     
   4.74232666666667        5.03859708333333      -0.112202777172044     
   4.74232666666667        5.33486750000000      -0.101908033843124     
   4.74232666666667        5.63113791666667      -9.287961253229790E-002
   4.74232666666667        5.92740833333333      -8.500971188741008E-002
   4.74232666666667        6.22367875000000      -7.825146079490052E-002
   4.74232666666667        6.51994916666667      -7.242000864011303E-002
   4.74232666666667        6.81621958333333      -6.722123452833328E-002
   4.74232666666667        7.11249000000000      -6.238466613002162E-002
   5.03859708333333       2.000000000000000E-003 -0.397046546317332     
   5.03859708333333       0.298270416666667      -0.392184771397547     
   5.03859708333333       0.594540833333333      -0.378664910520147     
   5.03859708333333       0.890811250000000      -0.358357440610241     
   5.03859708333333        1.18708166666667      -0.334403408687879     
   5.03859708333333        1.48335208333333      -0.309245212215559     
   5.03859708333333        1.77962250000000      -0.284814280919819     
   5.03859708333333        2.07589291666667      -0.262230522708318     
   5.03859708333333        2.37216333333333      -0.241579543111814     
   5.03859708333333        2.66843375000000      -0.222847209993866     
   5.03859708333333        2.96470416666667      -0.205819331420764     
   5.03859708333333        3.26097458333333      -0.189925028293854     
   5.03859708333333        3.55724500000000      -0.174422396335478     
   5.03859708333333        3.85351541666667      -0.159105689238058     
   5.03859708333333        4.14978583333333      -0.144498453999909     
   5.03859708333333        4.44605625000000      -0.131170472784385     
   5.03859708333333        4.74232666666667      -0.119262452888624     
   5.03859708333333        5.03859708333333      -0.108657784294455     
   5.03859708333333        5.33486750000000      -9.918265738605135E-002
   5.03859708333333        5.63113791666667      -9.074310810994582E-002
   5.03859708333333        5.92740833333333      -8.335603314344429E-002
   5.03859708333333        6.22367875000000      -7.696329073902779E-002
   5.03859708333333        6.51994916666667      -7.137926105038016E-002
   5.03859708333333        6.81621958333333      -6.634896118213930E-002
   5.03859708333333        7.11249000000000      -6.163929184405662E-002
   5.33486750000000       2.000000000000000E-003 -0.362371515720124     
   5.33486750000000       0.298270416666667      -0.358140946039991     
   5.33486750000000       0.594540833333333      -0.345990253793740     
   5.33486750000000       0.890811250000000      -0.328107199319745     
   5.33486750000000        1.18708166666667      -0.306936066594653     
   5.33486750000000        1.48335208333333      -0.284794937983913     
   5.33486750000000        1.77962250000000      -0.263407387841767     
   5.33486750000000        2.07589291666667      -0.243432675303572     
   5.33486750000000        2.37216333333333      -0.225143262742762     
   5.33486750000000        2.66843375000000      -0.208408192726420     
   5.33486750000000        2.96470416666667      -0.192922094462876     
   5.33486750000000        3.26097458333333      -0.178267652743338     
   5.33486750000000        3.55724500000000      -0.164073377015680     
   5.33486750000000        3.85351541666667      -0.150323665618601     
   5.33486750000000        4.14978583333333      -0.137320500688457     
   5.33486750000000        4.44605625000000      -0.125397530918130     
   5.33486750000000        4.74232666666667      -0.114657874770898     
   5.33486750000000        5.03859708333333      -0.104996651516868     
   5.33486750000000        5.33486750000000      -9.626075256656740E-002
   5.33486750000000        5.63113791666667      -8.845623286895314E-002
   5.33486750000000        5.92740833333333      -8.158153732065651E-002
   5.33486750000000        6.22367875000000      -7.557235175093369E-002
   5.33486750000000        6.51994916666667      -7.026526786782983E-002
   5.33486750000000        6.81621958333333      -6.544228964047130E-002
   5.33486750000000        7.11249000000000      -6.091137290467082E-002
   5.63113791666667       2.000000000000000E-003 -0.331097289276091     
   5.63113791666667       0.298270416666667      -0.327048288886482     
   5.63113791666667       0.594540833333333      -0.315905665805915     
   5.63113791666667       0.890811250000000      -0.300009912320230     
   5.63113791666667        1.18708166666667      -0.281505889908993     
   5.63113791666667        1.48335208333333      -0.262193463914478     
   5.63113791666667        1.77962250000000      -0.243416393896711     
   5.63113791666667        2.07589291666667      -0.225858662552283     
   5.63113791666667        2.37216333333333      -0.209618977162810     
   5.63113791666667        2.66843375000000      -0.194628877081084     
   5.63113791666667        2.96470416666667      -0.180649613540372     
   5.63113791666667        3.26097458333333      -0.167348300727866     
   5.63113791666667        3.55724500000000      -0.154525352321058     
   5.63113791666667        3.85351541666667      -0.142209822611168     
   5.63113791666667        4.14978583333333      -0.130610830463378     
   5.63113791666667        4.44605625000000      -0.119931743635356     
   5.63113791666667        4.74232666666667      -0.110180175694971     
   5.63113791666667        5.03859708333333      -0.101308367111136     
   5.63113791666667        5.33486750000000      -9.329203161021273E-002
   5.63113791666667        5.63113791666667      -8.611922506001739E-002
   5.63113791666667        5.92740833333333      -7.975870284259504E-002
   5.63113791666667        6.22367875000000      -7.414025103339870E-002
   5.63113791666667        6.51994916666667      -6.912384526208905E-002
   5.63113791666667        6.81621958333333      -6.453650223853054E-002
   5.63113791666667        7.11249000000000      -6.022369661614944E-002
   5.92740833333333       2.000000000000000E-003 -0.303686708917695     
   5.92740833333333       0.298270416666667      -0.299527655288466     
   5.92740833333333       0.594540833333333      -0.288819724557483     
   5.92740833333333       0.890811250000000      -0.274420561653150     
   5.92740833333333        1.18708166666667      -0.258262638996602     
   5.92740833333333        1.48335208333333      -0.241532993366101     
   5.92740833333333        1.77962250000000      -0.225114690714462     
   5.92740833333333        2.07589291666667      -0.209606801366112     
   5.92740833333333        2.37216333333333      -0.195198284022979     
   5.92740833333333        2.66843375000000      -0.181788358070453     
   5.92740833333333        2.96470416666667      -0.169198965343752     
   5.92740833333333        3.26097458333333      -0.157227741650768     
   5.92740833333333        3.55724500000000      -0.145745042613049     
   5.92740833333333        3.85351541666667      -0.134757228938667     
   5.92740833333333        4.14978583333333      -0.124369786033610     
   5.92740833333333        4.44605625000000      -0.114691844686062     
   5.92740833333333        4.74232666666667      -0.105784765003605     
   5.92740833333333        5.03859708333333      -9.767216799206148E-002
   5.92740833333333        5.33486750000000      -9.035237397590544E-002
   5.92740833333333        5.63113791666667      -8.379816509089912E-002
   5.92740833333333        5.92740833333333      -7.795685065274463E-002
   5.92740833333333        6.22367875000000      -7.273183724899838E-002
   5.92740833333333        6.51994916666667      -6.799162786293375E-002
   5.92740833333333        6.81621958333333      -6.363020754195121E-002
   5.92740833333333        7.11249000000000      -5.956239049881373E-002
   6.22367875000000       2.000000000000000E-003 -0.279961023168203     
   6.22367875000000       0.298270416666667      -0.275170780940408     
   6.22367875000000       0.594540833333333      -0.264439643482547     
   6.22367875000000       0.890811250000000      -0.251499729532441     
   6.22367875000000        1.18708166666667      -0.237399621577362     
   6.22367875000000        1.48335208333333      -0.222794878655990     
   6.22367875000000        1.77962250000000      -0.208372686618142     
   6.22367875000000        2.07589291666667      -0.194608636581617     
   6.22367875000000        2.37216333333333      -0.181780672529320     
   6.22367875000000        2.66843375000000      -0.169835484776698     
   6.22367875000000        2.96470416666667      -0.158598611712795     
   6.22367875000000        3.26097458333333      -0.147903319032560     
   6.22367875000000        3.55724500000000      -0.137641493927024     
   6.22367875000000        3.85351541666667      -0.127796136767464     
   6.22367875000000        4.14978583333333      -0.118428813683875     
   6.22367875000000        4.44605625000000      -0.109636024105322     
   6.22367875000000        4.74232666666667      -0.101509212867174     
   6.22367875000000        5.03859708333333      -9.411136042820110E-002
   6.22367875000000        5.33486750000000      -8.745944406294115E-002
   6.22367875000000        5.63113791666667      -8.151661377465329E-002
   6.22367875000000        5.92740833333333      -7.621326246761337E-002
   6.22367875000000        6.22367875000000      -7.140799723483006E-002
   6.22367875000000        6.51994916666667      -6.692182511244074E-002
   6.22367875000000        6.81621958333333      -6.270942230575639E-002
   6.22367875000000        7.11249000000000      -5.888706590584222E-002
   6.51994916666667       2.000000000000000E-003 -0.259192877454035     
   6.51994916666667       0.298270416666667      -0.253068273028980     
   6.51994916666667       0.594540833333333      -0.242647835204548     
   6.51994916666667       0.890811250000000      -0.231382772146031     
   6.51994916666667        1.18708166666667      -0.218859864314886     
   6.51994916666667        1.48335208333333      -0.205765867443634     
   6.51994916666667        1.77962250000000      -0.192885655053831     
   6.51994916666667        2.07589291666667      -0.180626720148684     
   6.51994916666667        2.37216333333333      -0.169187827217059     
   6.51994916666667        2.66843375000000      -0.158594822342452     
   6.51994916666667        2.96470416666667      -0.148642790290939     
   6.51994916666667        3.26097458333333      -0.139157000148901     
   6.51994916666667        3.55724500000000      -0.130019327890533     
   6.51994916666667        3.85351541666667      -0.121193977650475     
   6.51994916666667        4.14978583333333      -0.112729615097005     
   6.51994916666667        4.44605625000000      -0.104730517277745     
   6.51994916666667        4.74232666666667      -9.731454600260445E-002
   6.51994916666667        5.03859708333333      -9.057430377852271E-002
   6.51994916666667        5.33486750000000      -8.454803178794980E-002
   6.51994916666667        5.63113791666667      -7.921028285961931E-002
   6.51994916666667        5.92740833333333      -7.448726804846177E-002
   6.51994916666667        6.22367875000000      -7.019589813046549E-002
   6.51994916666667        6.51994916666667      -6.602539063210068E-002
   6.51994916666667        6.81621958333333      -6.184527117189818E-002
   6.51994916666667        7.11249000000000      -5.821661126636859E-002
   6.81621958333333       2.000000000000000E-003 -0.239134519593096     
   6.81621958333333       0.298270416666667      -0.232986644501518     
   6.81621958333333       0.594540833333333      -0.224447753043513     
   6.81621958333333       0.890811250000000      -0.213943045463888     
   6.81621958333333        1.18708166666667      -0.202009708960714     
   6.81621958333333        1.48335208333333      -0.189878321942315     
   6.81621958333333        1.77962250000000      -0.178235904322096     
   6.81621958333333        2.07589291666667      -0.167327739522574     
   6.81621958333333        2.37216333333333      -0.157216743439598     
   6.81621958333333        2.66843375000000      -0.147898522975663     
   6.81621958333333        2.96470416666667      -0.139155537511934     
   6.81621958333333        3.26097458333333      -0.130800134139323     
   6.81621958333333        3.55724500000000      -0.122698670636391     
   6.81621958333333        3.85351541666667      -0.114800494918978     
   6.81621958333333        4.14978583333333      -0.107153088924826     
   6.81621958333333        4.44605625000000      -9.987442261112871E-002
   6.81621958333333        4.74232666666667      -9.310406755600319E-002
   6.81621958333333        5.03859708333333      -8.695972564734043E-002
   6.81621958333333        5.33486750000000      -8.149849450803313E-002
   6.81621958333333        5.63113791666667      -7.672352882835771E-002
   6.81621958333333        5.92740833333333      -7.258131548362494E-002
   6.81621958333333        6.22367875000000      -6.890632325713850E-002
   6.81621958333333        6.51994916666667      -6.531422998380364E-002
   6.81621958333333        6.81621958333333      -6.124782741950462E-002
   6.81621958333333        7.11249000000000      -5.749505919644660E-002
   7.11249000000000       2.000000000000000E-003 -0.214605051423116     
   7.11249000000000       0.298270416666667      -0.215201841685880     
   7.11249000000000       0.594540833333333      -0.207669925897582     
   7.11249000000000       0.890811250000000      -0.196825272252220     
   7.11249000000000        1.18708166666667      -0.185429761424948     
   7.11249000000000        1.48335208333333      -0.174387451950028     
   7.11249000000000        1.77962250000000      -0.164050058963148     
   7.11249000000000        2.07589291666667      -0.154510329015919     
   7.11249000000000        2.37216333333333      -0.145736303774692     
   7.11249000000000        2.66843375000000      -0.137637101323147     
   7.11249000000000        2.96470416666667      -0.130017472376168     
   7.11249000000000        3.26097458333333      -0.122698052070044     
   7.11249000000000        3.55724500000000      -0.115539883910850     
   7.11249000000000        3.85351541666667      -0.108485159864586     
   7.11249000000000        4.14978583333333      -0.101584049748296     
   7.11249000000000        4.44605625000000      -9.496582644475962E-002
   7.11249000000000        4.74232666666667      -8.878354179375351E-002
   7.11249000000000        5.03859708333333      -8.316604588531265E-002
   7.11249000000000        5.33486750000000      -7.819175993326180E-002
   7.11249000000000        5.63113791666667      -7.387768628597352E-002
   7.11249000000000        5.92740833333333      -7.018947336767642E-002
   7.11249000000000        6.22367875000000      -6.699883514860874E-002
   7.11249000000000        6.51994916666667      -6.397487389450808E-002
   7.11249000000000        6.81621958333333      -6.027692757304118E-002
   7.11249000000000        7.11249000000000      -5.557527728594455E-002
